4028.86360719
4029.35964043
4029.85568891
4030.35175263
4030.84783157
4031.34392571
4031.84003504
4032.33615955
4032.83229922
4033.32845404
4033.82462399
4034.32080906
4034.81700924
4035.31322452
4035.80945487
4036.30570028
4036.80196075
4037.29823626
4037.79452678
4038.29083232
4038.78715285
4039.28348836
4039.77983884
4040.27620427
4040.77258464
4041.26897994
4041.76539015
4042.26181525
4042.75825524
4043.25471009
4043.75117980
4044.24766436
4044.74416373
4045.24067793
4045.73720692
4046.23375069
4046.73030924
4047.22688254
4047.72347059
4048.22007337
4048.71669086
4049.21332305
4049.70996993
4050.20663148
4050.70330769
4051.19999854
4051.69670403
4052.19342413
4052.69015883
4053.18690813
4053.68367199
4054.18045042
4054.67724339
4055.17405090
4055.67087292
4056.16770945
4056.66456047
4057.16142596
4057.65830592
4058.15520032
4058.65210916
4059.14903242
4059.64597008
4060.14292214
4060.63988857
4061.13686936
4061.63386451
4062.13087398
4062.62789778
4063.12493589
4063.62198829
4064.11905497
4064.61613591
4065.11323110
4065.61034053
4066.10746418
4066.60460204
4067.10175410
4067.59892033
4068.09610073
4068.59329528
4069.09050397
4069.58772678
4070.08496370
4070.58221471
4071.07947981
4071.57675897
4072.07405219
4072.57135944
4073.06868072
4073.56601600
4074.06336529
4074.56072855
4075.05810579
4075.55549697
4076.05290210
4076.55032115
4077.04775411
4077.54520096
4078.04266170
4078.54013631
4079.03762477
4079.53512707
4080.03264320
4080.53017314
4081.02771688
4081.52527440
4082.02284568
4082.52043073
4083.01802951
4083.51564202
4084.01326824
4084.51090816
4085.00856176
4085.50622903
4086.00390996
4086.50160453
4086.99931272
4087.49703453
4087.99476994
4088.49251892
4088.99028148
4089.48805760
4089.98584725
4090.48365043
4090.98146713
4091.47929732
4091.97714100
4092.47499815
4092.97286875
4093.47075279
4093.96865027
4094.46656115
4094.96448543
4095.46242310
4095.96037413
4096.45833853
4096.95631626
4097.45430732
4097.95231170
4098.45032937
4098.94836032
4099.44640455
4099.94446203
4100.44253276
4100.94061671
4101.43871387
4101.93682423
4102.43494777
4102.93308449
4103.43123436
4103.92939737
4104.42757351
4104.92576276
4105.42396511
4105.92218054
4106.42040904
4106.91865060
4107.41690520
4107.91517282
4108.41345346
4108.91174709
4109.41005371
4109.90837330
4110.40670584
4110.90505132
4111.40340973
4111.90178105
4112.40016526
4112.89856236
4113.39697233
4113.89539515
4114.39383081
4114.89227929
4115.39074059
4115.88921469
4116.38770156
4116.88620120
4117.38471360
4117.88323874
4118.38177660
4118.88032717
4119.37889043
4119.87746638
4120.37605499
4120.87465626
4121.37327017
4121.87189669
4122.37053583
4122.86918756
4123.36785188
4123.86652876
4124.36521819
4124.86392015
4125.36263464
4125.86136164
4126.36010113
4126.85885310
4127.35761754
4127.85639443
4128.35518375
4128.85398549
4129.35279964
4129.85162619
4130.35046511
4130.84931639
4131.34818003
4131.84705600
4132.34594429
4132.84484488
4133.34375777
4133.84268293
4134.34162036
4134.84057003
4135.33953194
4135.83850606
4136.33749239
4136.83649091
4137.33550160
4137.83452446
4138.33355946
4138.83260659
4139.33166585
4139.83073720
4140.32982064
4140.82891616
4141.32802373
4141.82714335
4142.32627500
4142.82541867
4143.32457433
4143.82374198
4144.32292161
4144.82211319
4145.32131672
4145.82053217
4146.31975954
4146.81899880
4147.31824996
4147.81751298
4148.31678785
4148.81607457
4149.31537312
4149.81468347
4150.31400563
4150.81333956
4151.31268527
4151.81204273
4152.31141192
4152.81079285
4153.31018548
4153.80958980
4154.30900581
4154.80843348
4155.30787281
4155.80732377
4156.30678636
4156.80626055
4157.30574633
4157.80524369
4158.30475262
4158.80427310
4159.30380511
4159.80334864
4160.30290368
4160.80247020
4161.30204821
4161.80163767
4162.30123858
4162.80085092
4163.30047468
4163.80010985
4164.29975640
4164.79941433
4165.29908361
4165.79876424
4166.29845620
4166.79815947
4167.29787404
4167.79759990
4168.29733703
4168.79708542
4169.29684505
4169.79661590
4170.29639797
4170.79619124
4171.29599568
4171.79581130
4172.29563807
4172.79547598
4173.29532501
4173.79518515
4174.29505639
4174.79493871
4175.29483209
4175.79473652
4176.29465199
4176.79457848
4177.29451598
4177.79446447
4178.29442394
4178.79439436
4179.29437574
4179.79436805
4180.29437127
4180.79438541
4181.29441042
4181.79444632
4182.29449307
4182.79455067
4183.29461909
4183.79469833
4184.29478838
4184.79488920
4185.29500080
4185.79512315
4186.29525625
4186.79540007
4187.29555460
4187.79571983
4188.29589575
4188.79608232
4189.29627956
4189.79648743
4190.29670592
4190.79693502
4191.29717471
4191.79742499
4192.29768582
4192.79795721
4193.29823913
4193.79853157
4194.29883451
4194.79914795
4195.29947186
4195.79980623
4196.30015104
4196.80050629
4197.30087195
4197.80124801
4198.30163446
4198.80203128
4199.30243845
4199.80285597
4200.30328381
4200.80372197
4201.30417042
4201.80462916
4202.30509816
4202.80557742
4203.30606691
4203.80656662
4204.30707655
4204.80759666
4205.30812696
4205.80866742
4206.30921802
4206.80977877
4207.31034962
4207.81093059
4208.31152164
4208.81212277
4209.31273395
4209.81335518
4210.31398644
4210.81462772
4211.31527899
4211.81594025
4212.31661148
4212.81729266
4213.31798378
4213.81868483
4214.31939579
4214.82011664
4215.32084738
4215.82158798
4216.32233843
4216.82309871
4217.32386882
4217.82464873
4218.32543844
4218.82623792
4219.32704716
4219.82786614
4220.32869486
4220.82953330
4221.33038143
4221.83123925
4222.33210674
4222.83298389
4223.33387068
4223.83476710
4224.33567313
4224.83658875
4225.33751396
4225.83844873
4226.33939306
4226.84034692
4227.34131030
4227.84228319
4228.34326557
4228.84425743
4229.34525875
4229.84626951
4230.34728971
4230.84831932
4231.34935834
4231.85040674
4232.35146452
4232.85253165
4233.35360812
4233.85469392
4234.35578903
4234.85689344
4235.35800712
4235.85913008
4236.36026229
4236.86140373
4237.36255439
4237.86371427
4238.36488333
4238.86606157
4239.36724897
4239.86844551
4240.36965119
4240.87086598
4241.37208988
4241.87332286
4242.37456491
4242.87581602
4243.37707617
4243.87834534
4244.37962353
4244.88091071
4245.38220687
4245.88351199
4246.38482607
4246.88614908
4247.38748102
4247.88882185
4248.39017158
4248.89153018
4249.39289765
4249.89427395
4250.39565909
4250.89705304
4251.39845579
4251.89986733
4252.40128763
4252.90271669
4253.40415449
4253.90560101
4254.40705624
4254.90852016
4255.40999276
4255.91147403
4256.41296394
4256.91446249
4257.41596965
4257.91748542
4258.41900977
4258.92054270
4259.42208418
4259.92363421
4260.42519276
4260.92675983
4261.42833539
4261.92991943
4262.43151194
4262.93311291
4263.43472230
4263.93634012
4264.43796635
4264.93960096
4265.44124395
4265.94289530
4266.44455499
4266.94622302
4267.44789936
4267.94958400
4268.45127692
4268.95297811
4269.45468756
4269.95640524
4270.45813115
4270.95986526
4271.46160757
4271.96335806
4272.46511670
4272.96688350
4273.46865843
4273.97044147
4274.47223262
4274.97403185
4275.47583915
4275.97765451
4276.47947791
4276.98130934
4277.48314877
4277.98499620
4278.48685161
4278.98871499
4279.49058631
4279.99246557
4280.49435274
4280.99624782
4281.49815079
4282.00006163
4282.50198033
4283.00390687
4283.50584124
4284.00778341
4284.50973339
4285.01169115
4285.51365667
4286.01562994
4286.51761095
4287.01959967
4287.52159611
4288.02360023
4288.52561202
4289.02763148
4289.52965858
4290.03169330
4290.53373564
4291.03578558
4291.53784310
4292.03990818
4292.54198082
4293.04406099
4293.54614868
4294.04824388
4294.55034657
4295.05245674
4295.55457436
4296.05669943
4296.55883193
4297.06097184
4297.56311914
4298.06527383
4298.56743589
4299.06960530
4299.57178205
4300.07396612
4300.57615749
4301.07835616
4301.58056210
4302.08277530
4302.58499574
4303.08722342
4303.58945830
4304.09170039
4304.59394966
4305.09620609
4305.59846968
4306.10074040
4306.60301825
4307.10530320
4307.60759524
4308.10989436
4308.61220054
4309.11451376
4309.61683401
4310.11916127
4310.62149553
4311.12383678
4311.62618499
4312.12854015
4312.63090225
4313.13327127
4313.63564720
4314.13803001
4314.64041970
4315.14281625
4315.64521964
4316.14762986
4316.65004690
4317.15247073
4317.65490134
4318.15733872
4318.65978285
4319.16223371
4319.66469130
4320.16715559
4320.66962657
4321.17210422
4321.67458853
4322.17707948
4322.67957706
4323.18208125
4323.68459204
4324.18710941
4324.68963334
4325.19216383
4325.69470084
4326.19724438
4326.69979442
4327.20235094
4327.70491394
4328.20748340
4328.71005929
4329.21264162
4329.71523035
4330.21782547
4330.72042698
4331.22303485
4331.72564906
4332.22826961
4332.73089648
4333.23352964
4333.73616910
4334.23881482
4334.74146680
4335.24412501
4335.74678945
4336.24946010
4336.75213694
4337.25481996
4337.75750914
4338.26020446
4338.76290591
4339.26561348
4339.76832715
4340.27104690
4340.77377272
4341.27650459
4341.77924250
4342.28198643
4342.78473636
4343.28749229
4343.79025419
4344.29302204
4344.79579585
4345.29857557
4345.80136121
4346.30415275
4346.80695017
4347.30975345
4347.81256258
4348.31537754
4348.81819833
4349.32102491
4349.82385729
4350.32669543
4350.82953933
4351.33238897
4351.83524433
4352.33810541
4352.84097217
4353.34384461
4353.84672272
4354.34960647
4354.85249585
4355.35539085
4355.85829144
4356.36119762
4356.86410937
4357.36702667
4357.86994950
4358.37287786
4358.87581172
4359.37875107
4359.88169590
4360.38464618
4360.88760191
4361.39056306
4361.89352962
4362.39650158
4362.89947892
4363.40246162
4363.90544967
4364.40844305
4364.91144175
4365.41444575
4365.91745504
4366.42046959
4366.92348940
4367.42651445
4367.92954472
4368.43258020
4368.93562087
4369.43866671
4369.94171771
4370.44477386
4370.94783514
4371.45090152
4371.95397301
4372.45704957
4372.96013120
4373.46321788
4373.96630959
4374.46940632
4374.97250806
4375.47561478
4375.97872647
4376.48184311
4376.98496469
4377.48809120
4377.99122261
4378.49435892
4378.99750010
4379.50064614
4380.00379703
4380.50695274
4381.01011327
4381.51327860
4382.01644870
4382.51962357
4383.02280319
4383.52598755
4384.02917662
4384.53237039
4385.03556885
4385.53877198
4386.04197977
4386.54519219
4387.04840924
4387.55163089
4388.05485714
4388.55808796
4389.06132334
4389.56456327
4390.06780772
4390.57105668
4391.07431015
4391.57756809
4392.08083049
4392.58409735
4393.08736864
4393.59064434
4394.09392445
4394.59720894
4395.10049780
4395.60379101
4396.10708857
4396.61039044
4397.11369662
4397.61700709
4398.12032183
4398.62364083
4399.12696408
4399.63029155
4400.13362323
4400.63695911
4401.14029916
4401.64364338
4402.14699175
4402.65034424
4403.15370085
4403.65706156
4404.16042636
4404.66379522
4405.16716813
4405.67054508
4406.17392605
4406.67731102
4407.18069998
4407.68409291
4408.18748980
4408.69089063
4409.19429538
4409.69770404
4410.20111659
4410.70453302
4411.20795330
4411.71137744
4412.21480540
4412.71823717
4413.22167274
4413.72511209
4414.22855520
4414.73200207
4415.23545266
4415.73890697
4416.24236499
4416.74582668
4417.24929205
4417.75276107
4418.25623372
4418.75971000
4419.26318988
4419.76667335
4420.27016039
4420.77365099
4421.27714512
4421.78064279
4422.28414396
4422.78764862
4423.29115676
4423.79466837
4424.29818341
4424.80170189
4425.30522377
4425.80874906
4426.31227772
4426.81580975
4427.31934512
4427.82288383
4428.32642586
4428.82997118
4429.33351979
4429.83707167
4430.34062680
4430.84418517
4431.34774675
4431.85131154
4432.35487952
4432.85845067
4433.36202497
4433.86560242
4434.36918298
4434.87276666
4435.37635343
4435.87994327
4436.38353617
4436.88713211
4437.39073108
4437.89433307
4438.39793804
4438.90154600
4439.40515692
4439.90877078
4440.41238758
4440.91600729
4441.41962989
4441.92325538
4442.42688374
4442.93051494
4443.43414898
4443.93778584
4444.44142550
4444.94506794
4445.44871315
4445.95236112
4446.45601182
4446.95966525
4447.46332137
4447.96698019
4448.47064168
4448.97430583
4449.47797261
4449.98164202
4450.48531404
4450.98898864
4451.49266583
4451.99634557
4452.50002786
4453.00371267
4453.50739999
4454.01108981
4454.51478211
4455.01847686
4455.52217407
4456.02587370
4456.52957575
4457.03328020
4457.53698702
4458.04069621
4458.54440775
4459.04812163
4459.55183781
4460.05555630
4460.55927708
4461.06300012
4461.56672541
4462.07045294
4462.57418268
4463.07791463
4463.58164877
4464.08538508
4464.58912354
4465.09286413
4465.59660685
4466.10035168
4466.60409859
4467.10784758
4467.61159863
4468.11535171
4468.61910682
4469.12286394
4469.62662304
4470.13038413
4470.63414717
4471.13791216
4471.64167907
4472.14544789
4472.64921861
4473.15299120
4473.65676566
4474.16054196
4474.66432009
4475.16810003
4475.67188177
4476.17566529
4476.67945057
4477.18323760
4477.68702636
4478.19081683
4478.69460901
4479.19840286
4479.70219839
4480.20599556
4480.70979436
4481.21359478
4481.71739681
4482.22120041
4482.72500559
4483.22881231
4483.73262057
4484.23643036
4484.74024164
4485.24405441
4485.74786865
4486.25168434
4486.75550147
4487.25932002
4487.76313997
4488.26696131
4488.77078403
4489.27460810
4489.77843351
4490.28226024
4490.78608828
4491.28991760
4491.79374821
4492.29758006
4492.80141316
4493.30524749
4493.80908302
4494.31291974
4494.81675764
4495.32059670
4495.82443689
4496.32827822
4496.83212065
4497.33596418
4497.83980879
4498.34365445
4498.84750116
4499.35134890
4499.85519765
4500.35904739
4500.86289811
4501.36674979
4501.87060242
4502.37445597
4502.87831044
4503.38216581
4503.88602205
4504.38987916
4504.89373712
4505.39759590
4505.90145550
4506.40531590
4506.90917707
4507.41303901
4507.91690170
4508.42076512
4508.92462926
4509.42849410
4509.93235961
4510.43622580
4510.94009263
4511.44396009
4511.94782817
4512.45169685
4512.95556611
4513.45943594
4513.96330633
4514.46717724
4514.97104867
4515.47492060
4515.97879302
4516.48266590
4516.98653924
4517.49041301
4517.99428720
4518.49816179
4519.00203676
4519.50591210
4520.00978780
4520.51366383
4521.01754018
4521.52141683
4522.02529377
4522.52917098
4523.03304844
4523.53692614
4524.04080405
4524.54468217
4525.04856048
4525.55243896
4526.05631759
4526.56019635
4527.06407524
4527.56795423
4528.07183331
4528.57571246
4529.07959166
4529.58347090
4530.08735017
4530.59122943
4531.09510869
4531.59898791
4532.10286709
4532.60674621
4533.11062525
4533.61450419
4534.11838303
4534.62226173
4535.12614029
4535.63001869
4536.13389691
4536.63777493
4537.14165275
4537.64553033
4538.14940767
4538.65328475
4539.15716155
4539.66103806
4540.16491425
4540.66879012
4541.17266564
4541.67654081
4542.18041559
4542.68428998
4543.18816396
4543.69203751
4544.19591062
4544.69978326
4545.20365543
4545.70752711
4546.21139827
4546.71526890
4547.21913899
4547.72300852
4548.22687748
4548.73074583
4549.23461358
4549.73848070
4550.24234717
4550.74621299
4551.25007812
4551.75394256
4552.25780629
4552.76166930
4553.26553155
4553.76939305
4554.27325377
4554.77711369
4555.28097280
4555.78483109
4556.28868852
4556.79254510
4557.29640080
4557.80025560
4558.30410950
4558.80796246
4559.31181448
4559.81566554
4560.31951561
4560.82336470
4561.32721277
4561.83105981
4562.33490580
4562.83875074
4563.34259459
4563.84643735
4564.35027899
4564.85411951
4565.35795888
4565.86179708
4566.36563411
4566.86946994
4567.37330456
4567.87713794
4568.38097008
4568.88480096
4569.38863055
4569.89245885
4570.39628584
4570.90011149
4571.40393580
4571.90775874
4572.41158030
4572.91540046
4573.41921920
4573.92303652
4574.42685239
4574.93066679
4575.43447971
4575.93829113
4576.44210103
4576.94590940
4577.44971623
4577.95352148
4578.45732516
4578.96112723
4579.46492768
4579.96872651
4580.47252368
4580.97631918
4581.48011300
4581.98390512
4582.48769553
4582.99148419
4583.49527111
4583.99905626
4584.50283962
4585.00662118
4585.51040092
4586.01417882
4586.51795487
4587.02172905
4587.52550135
4588.02927174
4588.53304021
4589.03680675
4589.54057132
4590.04433393
4590.54809455
4591.05185317
4591.55560976
4592.05936432
4592.56311682
4593.06686725
4593.57061558
4594.07436182
4594.57810592
4595.08184789
4595.58558770
4596.08932534
4596.59306079
4597.09679403
4597.60052504
4598.10425381
4598.60798032
4599.11170456
4599.61542650
4600.11914614
4600.62286345
4601.12657841
4601.63029102
4602.13400125
4602.63770908
4603.14141450
4603.64511749
4604.14881804
4604.65251613
4605.15621173
4605.65990484
4606.16359544
4606.66728351
4607.17096903
4607.67465199
4608.17833236
4608.68201014
4609.18568530
4609.68935783
4610.19302771
4610.69669492
4611.20035945
4611.70402129
4612.20768040
4612.71133678
4613.21499041
4613.71864127
4614.22228934
4614.72593462
4615.22957707
4615.73321669
4616.23685345
4616.74048735
4617.24411835
4617.74774645
4618.25137163
4618.75499388
4619.25861316
4619.76222948
4620.26584280
4620.76945312
4621.27306041
4621.77666466
4622.28026586
4622.78386398
4623.28745900
4623.79105092
4624.29463971
4624.79822536
4625.30180785
4625.80538716
4626.30896327
4626.81253618
4627.31610585
4627.81967228
4628.32323545
4628.82679534
4629.33035192
4629.83390520
4630.33745514
4630.84100174
4631.34454497
4631.84808481
4632.35162126
4632.85515429
4633.35868389
4633.86221003
4634.36573271
4634.86925190
4635.37276759
4635.87627975
4636.37978838
4636.88329346
4637.38679497
4637.89029289
4638.39378720
4638.89727789
4639.40076494
4639.90424833
4640.40772805
4640.91120407
4641.41467639
4641.91814499
4642.42160984
4642.92507093
4643.42852824
4643.93198176
4644.43543147
4644.93887735
4645.44231938
4645.94575755
4646.44919184
4646.95262223
4647.45604871
4647.95947125
4648.46288985
4648.96630448
4649.46971512
4649.97312177
4650.47652440
4650.97992299
4651.48331753
4651.98670800
4652.49009438
4652.99347666
4653.49685482
4654.00022884
4654.50359870
4655.00696439
4655.51032590
4656.01368319
4656.51703626
4657.02038508
4657.52372965
4658.02706994
4658.53040594
4659.03373762
4659.53706498
4660.04038799
4660.54370664
4661.04702091
4661.55033079
4662.05363624
4662.55693727
4663.06023384
4663.56352595
4664.06681358
4664.57009671
4665.07337531
4665.57664938
4666.07991890
4666.58318385
4667.08644421
4667.58969996
4668.09295110
4668.59619759
4669.09943943
4669.60267659
4670.10590906
4670.60913683
4671.11235986
4671.61557816
4672.11879169
4672.62200044
4673.12520440
4673.62840355
4674.13159786
4674.63478733
4675.13797194
4675.64115166
4676.14432648
4676.64749639
4677.15066136
4677.65382138
4678.15697643
4678.66012650
4679.16327156
4679.66641160
4680.16954660
4680.67267655
4681.17580142
4681.67892120
4682.18203588
4682.68514543
4683.18824983
4683.69134908
4684.19444315
4684.69753202
4685.20061569
4685.70369412
4686.20676730
4686.70983523
4687.21289787
4687.71595521
4688.21900723
4688.72205392
4689.22509526
4689.72813123
4690.23116181
4690.73418699
4691.23720674
4691.74022106
4692.24322993
4692.74623332
4693.24923121
4693.75222360
4694.25521047
4694.75819179
4695.26116755
4695.76413773
4696.26710232
4696.77006129
4697.27301463
4697.77596233
4698.27890436
4698.78184070
4699.28477135
4699.78769627
4700.29061547
4700.79352891
4701.29643657
4701.79933846
4702.30223453
4702.80512478
4703.30800920
4703.81088775
4704.31376043
4704.81662722
4705.31948809
4705.82234304
4706.32519204
4706.82803508
4707.33087214
4707.83370320
4708.33652825
4708.83934726
4709.34216022
4709.84496712
4710.34776793
4710.85056263
4711.35335122
4711.85613367
4712.35890996
4712.86168007
4713.36444400
4713.86720172
4714.36995321
4714.87269846
4715.37543745
4715.87817016
4716.38089658
4716.88361668
4717.38633045
4717.88903787
4718.39173892
4718.89443359
4719.39712186
4719.89980371
4720.40247912
4720.90514808
4721.40781056
4721.91046656
4722.41311605
4722.91575901
4723.41839543
4723.92102530
4724.42364858
4724.92626527
4725.42887535
4725.93147879
4726.43407559
4726.93666573
4727.43924918
4727.94182592
4728.44439595
4728.94695925
4729.44951579
4729.95206556
4730.45460854
4730.95714471
4731.45967406
4731.96219657
4732.46471222
4732.96722099
4733.46972286
4733.97221783
4734.47470586
4734.97718695
4735.47966107
4735.98212820
4736.48458834
4736.98704145
4737.48948754
4737.99192656
4738.49435852
4738.99678338
4739.49920114
4740.00161178
4740.50401527
4741.00641160
4741.50880076
4742.01118272
4742.51355746
4743.01592498
4743.51828524
4744.02063824
4744.52298396
4745.02532238
4745.52765347
4746.02997723
4746.53229363
4747.03460266
4747.53690431
4748.03919854
4748.54148534
4749.04376471
4749.54603661
4750.04830103
4750.55055796
4751.05280737
4751.55504925
4752.05728358
4752.55951035
4753.06172952
4753.56394110
4754.06614505
4754.56834136
4755.07053002
4755.57271100
4756.07488430
4756.57704988
4757.07920773
4757.58135784
4758.08350018
4758.58563475
4759.08776151
4759.58988046
4760.09199158
4760.59409484
4761.09619023
4761.59827774
4762.10035734
4762.60242901
4763.10449275
4763.60654852
4764.10859632
4764.61063612
4765.11266792
4765.61469168
4766.11670739
4766.61871504
4767.12071460
4767.62270607
4768.12468941
4768.62666461
4769.12863166
4769.63059054
4770.13254123
4770.63448371
4771.13641796
4771.63834397
4772.14026171
4772.64217117
4773.14407234
4773.64596519
4774.14784971
4774.64972588
4775.15159367
4775.65345308
4776.15530409
4776.65714667
4777.15898081
4777.66080649
4778.16262369
4778.66443240
4779.16623260
4779.66802427
4780.16980739
4780.67158194
4781.17334791
4781.67510527
4782.17685402
4782.67859413
4783.18032558
4783.68204836
4784.18376245
4784.68546782
4785.18716447
4785.68885238
4786.19053152
4786.69220188
4787.19386344
4787.69551619
4788.19716010
4788.69879515
4789.20042134
4789.70203863
4790.20364702
4790.70524649
4791.20683701
4791.70841857
4792.20999115
4792.71155474
4793.21310931
4793.71465484
4794.21619133
4794.71771875
4795.21923708
4795.72074631
4796.22224641
4796.72373738
4797.22521919
4797.72669181
4798.22815525
4798.72960947
4799.23105446
4799.73249021
4800.23391668
4800.73533388
4801.23674177
4801.73814034
4802.23952957
4802.74090944
4803.24227994
4803.74364105
4804.24499274
4804.74633501
4805.24766783
4805.74899119
4806.25030506
4806.75160943
4807.25290428
4807.75418960
4808.25546536
4808.75673155
4809.25798815
4809.75923513
4810.26047249
4810.76170021
4811.26291826
4811.76412663
4812.26532530
4812.76651426
4813.26769347
4813.76886294
4814.27002263
4814.77117253
4815.27231263
4815.77344289
4816.27456332
4816.77567388
4817.27677456
4817.77786534
4818.27894621
4818.78001714
4819.28107812
4819.78212913
4820.28317015
4820.78420116
4821.28522215
4821.78623309
4822.28723397
4822.78822477
4823.28920548
4823.79017607
4824.29113652
4824.79208682
4825.29302696
4825.79395690
4826.29487664
4826.79578615
4827.29668542
4827.79757443
4828.29845316
4828.79932159
4829.30017971
4829.80102749
4830.30186492
4830.80269198
4831.30350865
4831.80431492
4832.30511076
4832.80589616
4833.30667110
4833.80743556
4834.30818952
4834.80893297
4835.30966588
4835.81038824
4836.31110003
4836.81180123
4837.31249183
4837.81317180
4838.31384113
4838.81449980
4839.31514779
4839.81578508
4840.31641165
4840.81702749
4841.31763258
4841.81822690
4842.31881043
4842.81938315
4843.31994505
4843.82049611
4844.32103630
4844.82156561
4845.32208403
4845.82259153
4846.32308809
4846.82357370
4847.32404834
4847.82451200
4848.32496464
4848.82540626
4849.32583683
4849.82625634
4850.32666477
4850.82706210
4851.32744832
4851.82782339
4852.32818732
4852.82854007
4853.32888163
4853.82921199
4854.32953111
4854.82983900
4855.33013561
4855.83042095
4856.33069499
4856.83095770
4857.33120908
4857.83144911
4858.33167776
4858.83189502
4859.33210087
4859.83229529
4860.33247827
4860.83264978
4861.33280981
4861.83295833
4862.33309534
4862.83322080
4863.33333471
4863.83343705
4864.33352779
4864.83360692
4865.33367442
4865.83373027
4866.33377445
4866.83380695
4867.33382775
4867.83383682
4868.33383415
4868.83381973
4869.33379353
4869.83375553
4870.33370572
4870.83364407
4871.33357058
4871.83348522
4872.33338797
4872.83327881
4873.33315773
4873.83302471
4874.33287972
4874.83272276
4875.33255380
4875.83237282
4876.33217981
4876.83197475
4877.33175761
4877.83152838
4878.33128705
4878.83103359
4879.33076798
4879.83049022
4880.33020026
4880.82989811
4881.32958374
4881.82925714
4882.32891827
4882.82856713
4883.32820370
4883.82782796
4884.32743989
4884.82703948
4885.32662669
4885.82620152
4886.32576395
4886.82531395
4887.32485152
4887.82437662
4888.32388925
4888.82338939
4889.32287701
4889.82235209
4890.32181463
4890.82126459
4891.32070197
4891.82012674
4892.31953889
4892.81893839
4893.31832523
4893.81769939
4894.31706085
4894.81640959
4895.31574560
4895.81506885
4896.31437933
4896.81367702
4897.31296190
4897.81223394
4898.31149314
4898.81073948
4899.30997293
4899.80919348
4900.30840110
4900.80759579
4901.30677752
4901.80594627
4902.30510203
4902.80424477
4903.30337448
4903.80249113
4904.30159472
4904.80068522
4905.29976261
4905.79882688
4906.29787800
4906.79691596
4907.29594074
4907.79495232
4908.29395068
4908.79293580
4909.29190767
4909.79086626
4910.28981157
4910.78874355
4911.28766221
4911.78656753
4912.28545947
4912.78433803
4913.28320318
4913.78205491
4914.28089320
4914.77971803
4915.27852938
4915.77732723
4916.27611157
4916.77488237
4917.27363962
4917.77238330
4918.27111339
4918.76982986
4919.26853271
4919.76722192
4920.26589745
4920.76455931
4921.26320746
4921.76184189
4922.26046258
4922.75906951
4923.25766267
4923.75624203
4924.25480757
4924.75335928
4925.25189714
4925.75042113
4926.24893123
4926.74742743
4927.24590969
4927.74437801
4928.24283237
4928.74127275
4929.23969912
4929.73811147
4930.23650979
4930.73489405
4931.23326423
4931.73162032
4932.22996229
4932.72829013
4933.22660382
4933.72490334
4934.22318868
4934.72145980
4935.21971670
4935.71795936
4936.21618775
4936.71440186
4937.21260167
4937.71078716
4938.20895832
4938.70711511
4939.20525753
4939.70338556
4940.20149917
4940.69959835
4941.19768308
4941.69575334
4942.19380911
4942.69185038
4943.18987712
4943.68788931
4944.18588695
4944.68387000
4945.18183845
4945.67979227
4946.17773147
4946.67565600
4947.17356586
4947.67146102
4948.16934147
4948.66720719
4949.16505816
4949.66289435
4950.16071576
4950.65852236
4951.15631414
4951.65409107
4952.15185313
4952.64960031
4953.14733259
4953.64504995
4954.14275238
4954.64043984
4955.13811232
4955.63576981
4956.13341229
4956.63103973
4957.12865212
4957.62624944
4958.12383167
4958.62139879
4959.11895078
4959.61648763
4960.11400931
4960.61151581
4961.10900710
4961.60648317
4962.10394400
4962.60138957
4963.09881987
4963.59623486
4964.09363454
4964.59101888
4965.08838787
4965.58574149
4966.08307971
4966.58040253
4967.07770991
4967.57500185
4968.07227832
4968.56953930
4969.06678477
4969.56401473
4970.06122914
4970.55842798
4971.05561125
4971.55277892
4972.04993096
4972.54706737
4973.04418813
4973.54129321
4974.03838259
4974.53545626
4975.03251420
4975.52955638
4976.02658280
4976.52359343
4977.02058825
4977.51756724
4978.01453039
4978.51147767
4979.00840906
4979.50532456
4980.00222413
4980.49910776
4980.99597543
4981.49282713
4981.98966282
4982.48648250
4982.98328614
4983.48007373
4983.97684525
4984.47360067
4984.97033998
4985.46706316
4985.96377019
4986.46046105
4986.95713573
4987.45379419
4987.95043643
4988.44706243
4988.94367216
4989.44026562
4989.93684276
4990.43340359
4990.92994808
4991.42647621
4991.92298796
4992.41948332
4992.91596226
4993.41242476
4993.90887081
4994.40530039
4994.90171348
4995.39811005
4995.89449010
4996.39085359
4996.88720052
4997.38353086
4997.87984459
4998.37614170
4998.87242216
4999.36868596
4999.86493308
5000.36116350
5000.85737719
5001.35357415
5001.84975434
5002.34591776
5002.84206438
5003.33819419
5003.83430716
5004.33040327
5004.82648252
5005.32254487
5005.81859031
5006.31461881
5006.81063037
5007.30662496
5007.80260256
5008.29856315
5008.79450672
5009.29043324
5009.78634270
5010.28223507
5010.77811034
5011.27396849
5011.76980950
5012.26563335
5012.76144001
5013.25722948
5013.75300173
5014.24875675
5014.74449451
5015.24021499
5015.73591818
5016.23160406
5016.72727260
5017.22292380
5017.71855762
5018.21417405
5018.70977307
5019.20535466
5019.70091881
5020.19646549
5020.69199468
5021.18750637
5021.68300053
5022.17847715
5022.67393621
5023.16937769
5023.66480156
5024.16020782
5024.65559643
5025.15096739
5025.64632067
5026.14165625
5026.63697411
5027.13227424
5027.62755662
5028.12282122
5028.61806803
5029.11329702
5029.60850818
5030.10370150
5030.59887694
5031.09403449
5031.58917414
5032.08429585
5032.57939962
5033.07448542
5033.56955324
5034.06460305
5034.55963484
5035.05464859
5035.54964427
5036.04462187
5036.53958137
5037.03452275
5037.52944599
5038.02435107
5038.51923797
5039.01410668
5039.50895716
5040.00378941
5040.49860341
5040.99339913
5041.48817656
5041.98293567
5042.47767646
5042.97239889
5043.46710294
5043.96178861
5044.45645587
5044.95110470
5045.44573508
5045.94034699
5046.43494042
5046.92951534
5047.42407173
5047.91860958
5048.41312887
5048.90762957
5049.40211167
5049.89657514
5050.39101997
5050.88544615
5051.37985364
5051.87424243
5052.36861251
