6243.38446090
6243.87726272
6244.37007218
6244.86288928
6245.35571400
6245.84854634
6246.34138629
6246.83423384
6247.32708898
6247.81995171
6248.31282201
6248.80569988
6249.29858530
6249.79147828
6250.28437879
6250.77728684
6251.27020242
6251.76312551
6252.25605610
6252.74899420
6253.24193978
6253.73489285
6254.22785339
6254.72082140
6255.21379686
6255.70677977
6256.19977012
6256.69276790
6257.18577310
6257.67878571
6258.17180573
6258.66483314
6259.15786795
6259.65091013
6260.14395968
6260.63701659
6261.13008086
6261.62315247
6262.11623141
6262.60931769
6263.10241128
6263.59551218
6264.08862038
6264.58173588
6265.07485866
6265.56798871
6266.06112603
6266.55427061
6267.04742244
6267.54058150
6268.03374780
6268.52692132
6269.02010206
6269.51329000
6270.00648514
6270.49968746
6270.99289697
6271.48611364
6271.97933748
6272.47256847
6272.96580660
6273.45905187
6273.95230426
6274.44556377
6274.93883039
6275.43210411
6275.92538493
6276.41867282
6276.91196779
6277.40526982
6277.89857891
6278.39189504
6278.88521821
6279.37854841
6279.87188564
6280.36522987
6280.85858110
6281.35193933
6281.84530455
6282.33867674
6282.83205589
6283.32544201
6283.81883507
6284.31223507
6284.80564201
6285.29905586
6285.79247663
6286.28590431
6286.77933887
6287.27278033
6287.76622866
6288.25968386
6288.75314592
6289.24661483
6289.74009058
6290.23357316
6290.72706257
6291.22055879
6291.71406182
6292.20757164
6292.70108825
6293.19461163
6293.68814179
6294.18167870
6294.67522237
6295.16877277
6295.66232991
6296.15589378
6296.64946435
6297.14304164
6297.63662562
6298.13021628
6298.62381363
6299.11741764
6299.61102831
6300.10464563
6300.59826959
6301.09190019
6301.58553741
6302.07918124
6302.57283168
6303.06648871
6303.56015232
6304.05382252
6304.54749928
6305.04118260
6305.53487247
6306.02856888
6306.52227182
6307.01598129
6307.50969726
6308.00341974
6308.49714871
6308.99088416
6309.48462610
6309.97837449
6310.47212935
6310.96589065
6311.45965838
6311.95343255
6312.44721314
6312.94100014
6313.43479353
6313.92859332
6314.42239949
6314.91621204
6315.41003094
6315.90385620
6316.39768781
6316.89152575
6317.38537001
6317.87922060
6318.37307749
6318.86694067
6319.36081015
6319.85468590
6320.34856793
6320.84245621
6321.33635074
6321.83025152
6322.32415852
6322.81807175
6323.31199119
6323.80591684
6324.29984868
6324.79378670
6325.28773089
6325.78168126
6326.27563777
6326.76960044
6327.26356924
6327.75754416
6328.25152521
6328.74551236
6329.23950561
6329.73350496
6330.22751038
6330.72152186
6331.21553942
6331.70956302
6332.20359266
6332.69762833
6333.19167003
6333.68571773
6334.17977144
6334.67383115
6335.16789683
6335.66196849
6336.15604612
6336.65012970
6337.14421922
6337.63831468
6338.13241607
6338.62652337
6339.12063657
6339.61475568
6340.10888067
6340.60301153
6341.09714827
6341.59129086
6342.08543930
6342.57959358
6343.07375368
6343.56791961
6344.06209134
6344.55626888
6345.05045220
6345.54464130
6346.03883618
6346.53303681
6347.02724319
6347.52145532
6348.01567317
6348.50989675
6349.00412604
6349.49836103
6349.99260171
6350.48684807
6350.98110010
6351.47535780
6351.96962114
6352.46389013
6352.95816476
6353.45244500
6353.94673086
6354.44102232
6354.93531937
6355.42962201
6355.92393022
6356.41824399
6356.91256332
6357.40688819
6357.90121859
6358.39555452
6358.88989596
6359.38424290
6359.87859534
6360.37295326
6360.86731666
6361.36168551
6361.85605983
6362.35043958
6362.84482477
6363.33921538
6363.83361141
6364.32801284
6364.82241967
6365.31683187
6365.81124945
6366.30567240
6366.80010070
6367.29453434
6367.78897331
6368.28341761
6368.77786723
6369.27232214
6369.76678235
6370.26124784
6370.75571860
6371.25019463
6371.74467591
6372.23916243
6372.73365418
6373.22815116
6373.72265335
6374.21716074
6374.71167332
6375.20619108
6375.70071402
6376.19524211
6376.68977536
6377.18431375
6377.67885727
6378.17340591
6378.66795966
6379.16251850
6379.65708244
6380.15165146
6380.64622555
6381.14080470
6381.63538889
6382.12997813
6382.62457239
6383.11917167
6383.61377596
6384.10838525
6384.60299952
6385.09761877
6385.59224299
6386.08687216
6386.58150628
6387.07614533
6387.57078931
6388.06543821
6388.56009201
6389.05475070
6389.54941428
6390.04408273
6390.53875604
6391.03343421
6391.52811722
6392.02280506
6392.51749772
6393.01219520
6393.50689747
6394.00160454
6394.49631638
6394.99103300
6395.48575437
6395.98048049
6396.47521136
6396.96994694
6397.46468725
6397.95943226
6398.45418197
6398.94893636
6399.44369543
6399.93845917
6400.43322756
6400.92800059
6401.42277826
6401.91756055
6402.41234745
6402.90713895
6403.40193504
6403.89673572
6404.39154096
6404.88635077
6405.38116512
6405.87598401
6406.37080743
6406.86563537
6407.36046781
6407.85530475
6408.35014617
6408.84499207
6409.33984244
6409.83469725
6410.32955651
6410.82442020
6411.31928832
6411.81416084
6412.30903776
6412.80391908
6413.29880477
6413.79369483
6414.28858925
6414.78348801
6415.27839111
6415.77329854
6416.26821028
6416.76312633
6417.25804666
6417.75297129
6418.24790018
6418.74283333
6419.23777073
6419.73271238
6420.22765825
6420.72260834
6421.21756264
6421.71252113
6422.20748381
6422.70245066
6423.19742168
6423.69239685
6424.18737616
6424.68235960
6425.17734717
6425.67233884
6426.16733462
6426.66233448
6427.15733842
6427.65234642
6428.14735848
6428.64237459
6429.13739472
6429.63241889
6430.12744706
6430.62247923
6431.11751540
6431.61255554
6432.10759965
6432.60264772
6433.09769973
6433.59275568
6434.08781556
6434.58287935
6435.07794704
6435.57301862
6436.06809408
6436.56317341
6437.05825660
6437.55334364
6438.04843452
6438.54352922
6439.03862773
6439.53373005
6440.02883616
6440.52394605
6441.01905971
6441.51417713
6442.00929830
6442.50442321
6442.99955184
6443.49468419
6443.98982024
6444.48495998
6444.98010341
6445.47525050
6445.97040126
6446.46555566
6446.96071370
6447.45587537
6447.95104065
6448.44620954
6448.94138201
6449.43655807
6449.93173770
6450.42692089
6450.92210763
6451.41729790
6451.91249170
6452.40768901
6452.90288983
6453.39809414
6453.89330193
6454.38851318
6454.88372790
6455.37894606
6455.87416766
6456.36939269
6456.86462112
6457.35985296
6457.85508819
6458.35032680
6458.84556877
6459.34081411
6459.83606278
6460.33131480
6460.82657013
6461.32182878
6461.81709073
6462.31235596
6462.80762447
6463.30289625
6463.79817129
6464.29344957
6464.78873108
6465.28401581
6465.77930375
6466.27459488
6466.76988921
6467.26518671
6467.76048737
6468.25579118
6468.75109814
6469.24640822
6469.74172143
6470.23703774
6470.73235714
6471.22767963
6471.72300519
6472.21833381
6472.71366548
6473.20900019
6473.70433792
6474.19967867
6474.69502243
6475.19036917
6475.68571889
6476.18107159
6476.67642724
6477.17178583
6477.66714736
6478.16251182
6478.65787918
6479.15324944
6479.64862259
6480.14399862
6480.63937751
6481.13475926
6481.63014384
6482.12553126
6482.62092149
6483.11631453
6483.61171037
6484.10710899
6484.60251038
6485.09791453
6485.59332143
6486.08873107
6486.58414343
6487.07955850
6487.57497628
6488.07039675
6488.56581990
6489.06124571
6489.55667418
6490.05210529
6490.54753903
6491.04297539
6491.53841436
6492.03385593
6492.52930008
6493.02474681
6493.52019609
6494.01564793
6494.51110230
6495.00655920
6495.50201861
6495.99748053
6496.49294493
6496.98841182
6497.48388117
6497.97935298
6498.47482723
6498.97030391
6499.46578301
6499.96126452
6500.45674842
6500.95223471
6501.44772337
6501.94321439
6502.43870776
6502.93420347
6503.42970150
6503.92520184
6504.42070449
6504.91620942
6505.41171663
6505.90722611
6506.40273784
6506.89825181
6507.39376801
6507.88928642
6508.38480705
6508.88032986
6509.37585486
6509.87138203
6510.36691135
6510.86244282
6511.35797642
6511.85351215
6512.34904998
6512.84458992
6513.34013193
6513.83567602
6514.33122218
6514.82677038
6515.32232062
6515.81787288
6516.31342716
6516.80898344
6517.30454171
6517.80010195
6518.29566416
6518.79122832
6519.28679443
6519.78236246
6520.27793241
6520.77350426
6521.26907801
6521.76465363
6522.26023113
6522.75581047
6523.25139167
6523.74697469
6524.24255954
6524.73814619
6525.23373463
6525.72932486
6526.22491686
6526.72051062
6527.21610612
6527.71170336
6528.20730232
6528.70290299
6529.19850535
6529.69410940
6530.18971513
6530.68532251
6531.18093155
6531.67654222
6532.17215451
6532.66776841
6533.16338392
6533.65900101
6534.15461967
6534.65023990
6535.14586167
6535.64148499
6536.13710983
6536.63273618
6537.12836403
6537.62399338
6538.11962419
6538.61525647
6539.11089021
6539.60652538
6540.10216198
6540.59779999
6541.09343940
6541.58908020
6542.08472238
6542.58036593
6543.07601082
6543.57165706
6544.06730462
6544.56295350
6545.05860368
6545.55425515
6546.04990789
6546.54556190
6547.04121717
6547.53687367
6548.03253140
6548.52819035
6549.02385050
6549.51951184
6550.01517435
6550.51083803
6551.00650287
6551.50216884
6551.99783594
6552.49350415
6552.98917347
6553.48484388
6553.98051536
6554.47618791
6554.97186151
6555.46753615
6555.96321182
6556.45888850
6556.95456618
6557.45024485
6557.94592449
6558.44160511
6558.93728667
6559.43296917
6559.92865259
6560.42433693
6560.92002217
6561.41570830
6561.91139530
6562.40708316
6562.90277188
6563.39846143
6563.89415180
6564.38984299
6564.88553498
6565.38122775
6565.87692129
6566.37261560
6566.86831065
6567.36400644
6567.85970296
6568.35540018
6568.85109809
6569.34679670
6569.84249597
6570.33819590
6570.83389648
6571.32959769
6571.82529952
6572.32100196
6572.81670500
6573.31240861
6573.80811280
6574.30381753
6574.79952282
6575.29522863
6575.79093496
6576.28664180
6576.78234913
6577.27805693
6577.77376520
6578.26947393
6578.76518309
6579.26089269
6579.75660269
6580.25231310
6580.74802390
6581.24373507
6581.73944661
6582.23515849
6582.73087071
6583.22658326
6583.72229612
6584.21800927
6584.71372271
6585.20943642
6585.70515039
6586.20086460
6586.69657905
6587.19229372
6587.68800860
6588.18372366
6588.67943891
6589.17515433
6589.67086990
6590.16658562
6590.66230146
6591.15801742
6591.65373348
6592.14944963
6592.64516585
6593.14088214
6593.63659848
6594.13231486
6594.62803126
6595.12374767
6595.61946408
6596.11518047
6596.61089683
6597.10661315
6597.60232942
6598.09804562
6598.59376174
6599.08947776
6599.58519368
6600.08090947
6600.57662513
6601.07234065
6601.56805600
6602.06377118
6602.55948617
6603.05520097
6603.55091554
6604.04662990
6604.54234401
6605.03805787
6605.53377146
6606.02948478
6606.52519780
6607.02091051
6607.51662291
6608.01233497
6608.50804669
6609.00375805
6609.49946903
6609.99517963
6610.49088983
6610.98659962
6611.48230898
6611.97801790
6612.47372637
6612.96943437
6613.46514189
6613.96084892
6614.45655545
6614.95226145
6615.44796693
6615.94367185
6616.43937622
6616.93508001
6617.43078322
6617.92648582
6618.42218782
6618.91788918
6619.41358991
6619.90928998
6620.40498939
6620.90068811
6621.39638614
6621.89208346
6622.38778006
6622.88347593
6623.37917105
6623.87486541
6624.37055899
6624.86625178
6625.36194377
6625.85763495
6626.35332529
6626.84901480
6627.34470344
6627.84039122
6628.33607811
6628.83176411
6629.32744920
6629.82313336
6630.31881658
6630.81449886
6631.31018016
6631.80586049
6632.30153983
6632.79721816
6633.29289547
6633.78857175
6634.28424698
6634.77992115
6635.27559425
6635.77126626
6636.26693716
6636.76260696
6637.25827562
6637.75394314
6638.24960951
6638.74527470
6639.24093871
6639.73660153
6640.23226313
6640.72792351
6641.22358265
6641.71924054
6642.21489716
6642.71055250
6643.20620655
6643.70185929
6644.19751071
6644.69316080
6645.18880953
6645.68445691
6646.18010290
6646.67574751
6647.17139071
6647.66703250
6648.16267285
6648.65831176
6649.15394921
6649.64958519
6650.14521968
6650.64085267
6651.13648414
6651.63211409
6652.12774249
6652.62336934
6653.11899461
6653.61461831
6654.11024040
6654.60586088
6655.10147974
6655.59709696
6656.09271252
6656.58832641
6657.08393863
6657.57954914
6658.07515795
6658.57076504
6659.06637038
6659.56197398
6660.05757581
6660.55317586
6661.04877412
6661.54437057
6662.03996519
6662.53555799
6663.03114893
6663.52673801
6664.02232521
6664.51791052
6665.01349392
6665.50907541
6666.00465496
6666.50023256
6666.99580820
6667.49138186
6667.98695353
6668.48252320
6668.97809085
6669.47365647
6669.96922004
6670.46478155
6670.96034099
6671.45589833
6671.95145357
6672.44700670
6672.94255769
6673.43810654
6673.93365323
6674.42919774
6674.92474007
6675.42028019
6675.91581809
6676.41135377
6676.90688720
6677.40241837
6677.89794726
6678.39347387
6678.88899818
6679.38452017
6679.88003983
6680.37555714
6680.87107210
6681.36658468
6681.86209487
6682.35760266
6682.85310804
6683.34861098
6683.84411148
6684.33960952
6684.83510509
6685.33059817
6685.82608875
6686.32157681
6686.81706234
6687.31254532
6687.80802574
6688.30350359
6688.79897886
6689.29445151
6689.78992156
6690.28538897
6690.78085373
6691.27631583
6691.77177526
6692.26723200
6692.76268604
6693.25813736
6693.75358594
6694.24903178
6694.74447485
6695.23991516
6695.73535267
6696.23078737
6696.72621926
6697.22164831
6697.71707451
6698.21249785
6698.70791832
6699.20333589
6699.69875055
6700.19416230
6700.68957110
6701.18497696
6701.68037986
6702.17577977
6702.67117669
6703.16657061
6703.66196150
6704.15734935
6704.65273415
6705.14811588
6705.64349453
6706.13887009
6706.63424254
6707.12961186
6707.62497804
6708.12034107
6708.61570092
6709.11105760
6709.60641107
6710.10176134
6710.59710837
6711.09245217
6711.58779270
6712.08312997
6712.57846394
6713.07379462
6713.56912198
6714.06444601
6714.55976670
6715.05508402
6715.55039797
6716.04570854
6716.54101569
6717.03631943
6717.53161973
6718.02691659
6718.52220998
6719.01749990
6719.51278632
6720.00806923
6720.50334862
6720.99862448
6721.49389678
6721.98916552
6722.48443067
6722.97969223
6723.47495017
6723.97020449
6724.46545517
6724.96070219
6725.45594554
6725.95118521
6726.44642117
6726.94165342
6727.43688194
6727.93210671
6728.42732773
6728.92254497
6729.41775841
6729.91296806
6730.40817388
6730.90337587
6731.39857401
6731.89376828
6732.38895867
6732.88414517
6733.37932776
6733.87450643
6734.36968115
6734.86485192
6735.36001873
6735.85518154
6736.35034036
6736.84549516
6737.34064593
6737.83579266
6738.33093533
6738.82607392
6739.32120842
6739.81633882
6740.31146510
6740.80658724
6741.30170524
6741.79681906
6742.29192871
6742.78703416
6743.28213540
6743.77723242
6744.27232519
6744.76741371
6745.26249796
6745.75757792
6746.25265358
6746.74772492
6747.24279193
6747.73785459
6748.23291290
6748.72796682
6749.22301635
6749.71806148
6750.21310218
6750.70813844
6751.20317025
6751.69819759
6752.19322045
6752.68823881
6753.18325266
6753.67826197
6754.17326674
6754.66826695
6755.16326259
6755.65825364
6756.15324007
6756.64822189
6757.14319907
6757.63817161
6758.13313947
6758.62810265
6759.12306113
6759.61801490
6760.11296394
6760.60790824
6761.10284778
6761.59778255
6762.09271252
6762.58763769
6763.08255804
6763.57747356
6764.07238422
6764.56729001
6765.06219093
6765.55708694
6766.05197805
6766.54686422
6767.04174546
6767.53662173
6768.03149303
6768.52635933
6769.02122064
6769.51607692
6770.01092816
6770.50577436
6771.00061548
6771.49545152
6771.99028247
6772.48510830
6772.97992900
6773.47474456
6773.96955495
6774.46436017
6774.95916020
6775.45395502
6775.94874462
6776.44352898
6776.93830809
6777.43308193
6777.92785048
6778.42261373
6778.91737167
6779.41212427
6779.90687153
6780.40161343
6780.89634994
6781.39108107
6781.88580678
6782.38052707
6782.87524191
6783.36995130
6783.86465522
6784.35935365
6784.85404658
6785.34873398
6785.84341586
6786.33809218
6786.83276293
6787.32742810
6787.82208768
6788.31674164
6788.81138997
6789.30603266
6789.80066969
6790.29530104
6790.78992670
6791.28454665
6791.77916088
6792.27376936
6792.76837210
6793.26296906
6793.75756023
6794.25214560
6794.74672516
6795.24129888
6795.73586675
6796.23042875
6796.72498487
6797.21953510
6797.71407941
6798.20861779
6798.70315023
6799.19767670
6799.69219720
6800.18671171
6800.68122021
6801.17572268
6801.67021912
6802.16470949
6802.65919380
6803.15367202
6803.64814413
6804.14261012
6804.63706998
6805.13152369
6805.62597123
6806.12041258
6806.61484774
6807.10927668
6807.60369938
6808.09811584
6808.59252604
6809.08692996
6809.58132758
6810.07571889
6810.57010387
6811.06448251
6811.55885479
6812.05322070
6812.54758021
6813.04193331
6813.53628000
6814.03062024
6814.52495402
6815.01928134
6815.51360216
6816.00791648
6816.50222428
6816.99652555
6817.49082026
6817.98510840
6818.47938996
6818.97366492
6819.46793326
6819.96219497
6820.45645003
6820.95069842
6821.44494013
6821.93917515
6822.43340345
6822.92762502
6823.42183984
6823.91604790
6824.41024919
6824.90444368
6825.39863135
6825.89281220
6826.38698621
6826.88115336
6827.37531363
6827.86946700
6828.36361347
6828.85775302
6829.35188562
6829.84601127
6830.34012994
6830.83424163
6831.32834630
6831.82244396
6832.31653457
6832.81061813
6833.30469462
6833.79876403
6834.29282632
6834.78688150
6835.28092954
6835.77497043
6836.26900415
6836.76303068
6837.25705001
6837.75106212
6838.24506699
6838.73906462
6839.23305498
6839.72703805
6840.22101382
6840.71498228
6841.20894340
6841.70289717
6842.19684358
6842.69078260
6843.18471422
6843.67863843
6844.17255521
6844.66646453
6845.16036639
6845.65426078
6846.14814766
6846.64202703
6847.13589886
6847.62976315
6848.12361988
6848.61746902
6849.11131057
6849.60514450
6850.09897080
6850.59278946
6851.08660045
6851.58040377
6852.07419938
6852.56798729
6853.06176746
6853.55553989
6854.04930455
6854.54306144
6855.03681052
6855.53055180
6856.02428525
6856.51801085
6857.01172859
6857.50543845
6857.99914041
6858.49283446
6858.98652058
6859.48019875
6859.97386897
6860.46753120
6860.96118544
6861.45483166
6861.94846986
6862.44210001
6862.93572209
6863.42933610
6863.92294201
6864.41653981
6864.91012947
6865.40371099
6865.89728435
6866.39084953
6866.88440651
6867.37795528
6867.87149581
6868.36502810
6868.85855213
6869.35206787
6869.84557532
6870.33907445
6870.83256526
6871.32604771
6871.81952180
6872.31298750
6872.80644481
6873.29989370
6873.79333416
6874.28676617
6874.78018972
6875.27360478
6875.76701134
6876.26040939
6876.75379890
6877.24717986
6877.74055225
6878.23391606
6878.72727127
6879.22061786
6879.71395581
6880.20728511
6880.70060575
6881.19391769
6881.68722094
6882.18051546
6882.67380124
6883.16707828
6883.66034654
6884.15360601
6884.64685668
6885.14009852
6885.63333153
6886.12655568
6886.61977095
6887.11297734
6887.60617482
6888.09936337
6888.59254299
6889.08571364
6889.57887532
6890.07202801
6890.56517169
6891.05830634
6891.55143194
6892.04454849
6892.53765595
6893.03075432
6893.52384358
6894.01692371
6894.50999469
6895.00305651
6895.49610915
6895.98915259
6896.48218681
6896.97521180
6897.46822754
6897.96123402
6898.45423121
6898.94721910
6899.44019767
6899.93316690
6900.42612678
6900.91907729
6901.41201842
6901.90495014
6902.39787243
6902.89078529
6903.38368869
6903.87658262
6904.36946705
6904.86234198
6905.35520738
6905.84806324
6906.34090954
6906.83374626
6907.32657339
6907.81939090
6908.31219879
6908.80499703
6909.29778560
6909.79056449
6910.28333368
6910.77609316
6911.26884290
6911.76158290
6912.25431312
6912.74703356
6913.23974419
6913.73244500
6914.22513598
6914.71781710
6915.21048835
6915.70314970
6916.19580115
6916.68844268
6917.18107426
6917.67369588
6918.16630752
6918.65890917
6919.15150081
6919.64408241
6920.13665397
6920.62921546
6921.12176687
6921.61430818
6922.10683938
6922.59936044
6923.09187134
6923.58437208
6924.07686262
6924.56934297
6925.06181309
6925.55427296
6926.04672259
6926.53916193
6927.03159098
6927.52400973
6928.01641814
6928.50881621
6929.00120391
6929.49358123
6929.98594816
6930.47830466
6930.97065074
6931.46298636
6931.95531151
6932.44762618
6932.93993034
6933.43222398
6933.92450708
6934.41677962
6934.90904158
6935.40129296
6935.89353372
6936.38576385
6936.87798334
6937.37019216
6937.86239030
6938.35457774
6938.84675447
6939.33892046
6939.83107570
6940.32322016
6940.81535384
6941.30747671
6941.79958876
6942.29168997
6942.78378032
6943.27585979
6943.76792836
6944.25998603
6944.75203276
6945.24406854
6945.73609336
6946.22810720
6946.72011003
6947.21210184
6947.70408261
6948.19605233
6948.68801098
6949.17995853
6949.67189497
6950.16382029
6950.65573446
6951.14763747
6951.63952930
6952.13140993
6952.62327934
6953.11513752
6953.60698445
6954.09882010
6954.59064447
6955.08245753
6955.57425927
6956.06604966
6956.55782869
6957.04959635
6957.54135260
6958.03309745
6958.52483086
6959.01655282
6959.50826331
6959.99996232
6960.49164982
6960.98332580
6961.47499024
6961.96664312
6962.45828442
6962.94991413
6963.44153222
6963.93313869
6964.42473350
6964.91631665
6965.40788811
6965.89944787
6966.39099591
6966.88253221
6967.37405675
6967.86556951
6968.35707048
6968.84855964
6969.34003697
6969.83150245
6970.32295606
6970.81439779
6971.30582761
6971.79724552
6972.28865148
6972.78004549
6973.27142752
6973.76279755
6974.25415558
6974.74550157
6975.23683552
6975.72815740
6976.21946719
6976.71076488
6977.20205045
6977.69332387
6978.18458514
6978.67583424
6979.16707113
6979.65829582
6980.14950827
6980.64070848
6981.13189641
6981.62307206
6982.11423540
6982.60538642
6983.09652510
6983.58765142
6984.07876536
6984.56986691
6985.06095604
6985.55203274
6986.04309698
6986.53414876
6987.02518804
6987.51621482
6988.00722908
6988.49823079
6988.98921994
6989.48019651
6989.97116048
6990.46211183
6990.95305054
6991.44397661
6991.93488999
6992.42579069
6992.91667868
6993.40755394
6993.89841645
6994.38926620
6994.88010317
6995.37092733
6995.86173867
6996.35253717
6996.84332281
6997.33409558
6997.82485546
6998.31560242
6998.80633644
6999.29705752
6999.78776563
7000.27846075
7000.76914286
7001.25981195
7001.75046800
7002.24111098
7002.73174088
7003.22235769
7003.71296137
7004.20355192
7004.69412932
7005.18469354
7005.67524457
7006.16578238
7006.65630697
7007.14681831
7007.63731638
7008.12780117
7008.61827265
7009.10873081
7009.59917562
7010.08960708
7010.58002515
7011.07042983
7011.56082109
7012.05119892
7012.54156329
7013.03191419
7013.52225159
7014.01257549
7014.50288586
7014.99318268
7015.48346593
7015.97373560
7016.46399166
7016.95423410
7017.44446289
7017.93467803
7018.42487948
7018.91506724
7019.40524128
7019.89540159
7020.38554813
7020.87568091
7021.36579989
7021.85590506
7022.34599640
7022.83607389
7023.32613752
7023.81618725
7024.30622308
7024.79624498
7025.28625294
7025.77624694
7026.26622696
7026.75619297
7027.24614497
7027.73608292
7028.22600682
7028.71591665
7029.20581237
7029.69569398
7030.18556146
7030.67541479
7031.16525395
7031.65507891
7032.14488967
7032.63468619
7033.12446847
7033.61423649
7034.10399021
7034.59372964
7035.08345474
7035.57316549
7036.06286189
7036.55254390
7037.04221151
7037.53186471
7038.02150347
7038.51112777
7039.00073759
7039.49033292
7039.97991373
7040.46948001
7040.95903174
7041.44856890
7041.93809146
7042.42759941
7042.91709274
7043.40657142
7043.89603542
7044.38548475
7044.87491936
7045.36433925
7045.85374440
7046.34313478
7046.83251038
7047.32187118
7047.81121716
7048.30054829
7048.78986457
7049.27916597
7049.76845247
7050.25772405
7050.74698069
7051.23622238
7051.72544910
7052.21466081
7052.70385752
7053.19303919
7053.68220581
7054.17135736
7054.66049382
7055.14961516
7055.63872138
7056.12781245
7056.61688835
7057.10594906
7057.59499457
7058.08402484
7058.57303988
7059.06203964
7059.55102413
7060.03999330
7060.52894716
7061.01788567
7061.50680882
7061.99571659
7062.48460896
7062.97348591
7063.46234741
7063.95119346
7064.44002403
7064.92883910
7065.41763866
7065.90642267
7066.39519113
7066.88394402
7067.37268130
7067.86140298
7068.35010902
7068.83879940
7069.32747411
7069.81613313
7070.30477643
7070.79340401
7071.28201583
7071.77061188
7072.25919213
7072.74775658
7073.23630520
7073.72483797
7074.21335487
7074.70185588
7075.19034098
7075.67881016
7076.16726339
7076.65570065
7077.14412192
7077.63252719
7078.12091643
7078.60928962
7079.09764675
7079.58598780
7080.07431274
7080.56262155
7081.05091422
7081.53919073
7082.02745106
7082.51569518
7083.00392308
7083.49213474
7083.98033013
7084.46850924
7084.95667205
7085.44481854
7085.93294869
7086.42106248
7086.90915989
7087.39724090
7087.88530548
7088.37335363
7088.86138532
7089.34940052
7089.83739923
7090.32538142
7090.81334707
7091.30129616
7091.78922868
7092.27714459
7092.76504389
7093.25292655
7093.74079255
7094.22864187
7094.71647450
7095.20429041
7095.69208958
7096.17987199
7096.66763763
7097.15538647
7097.64311849
7098.13083368
7098.61853201
7099.10621346
7099.59387802
7100.08152566
7100.56915636
7101.05677011
7101.54436688
7102.03194665
7102.51950941
7103.00705513
7103.49458380
7103.98209539
7104.46958988
7104.95706726
7105.44452750
7105.93197058
7106.41939649
7106.90680520
7107.39419670
7107.88157096
7108.36892796
7108.85626769
7109.34359012
7109.83089523
7110.31818301
7110.80545343
7111.29270648
7111.77994212
7112.26716035
7112.75436115
7113.24154448
7113.72871034
7114.21585870
7114.70298954
7115.19010285
7115.67719859
7116.16427676
7116.65133734
7117.13838029
7117.62540560
7118.11241326
7118.59940323
7119.08637551
7119.57333007
7120.06026689
7120.54718595
7121.03408723
7121.52097071
7122.00783636
7122.49468418
7122.98151414
7123.46832621
7123.95512039
7124.44189664
7124.92865495
7125.41539530
7125.90211767
7126.38882203
7126.87550837
7127.36217667
7127.84882690
7128.33545905
7128.82207309
7129.30866901
7129.79524679
7130.28180640
7130.76834782
7131.25487104
7131.74137603
7132.22786277
7132.71433125
7133.20078144
7133.68721332
7134.17362687
7134.66002208
7135.14639891
7135.63275736
7136.11909739
7136.60541900
7137.09172215
7137.57800683
7138.06427302
7138.55052070
7139.03674984
7139.52296044
7140.00915246
7140.49532588
7140.98148069
7141.46761686
7141.95373438
7142.43983322
7142.92591337
7143.41197480
7143.89801749
7144.38404142
7144.87004657
7145.35603293
7145.84200046
7146.32794915
7146.81387898
7147.29978993
7147.78568198
7148.27155511
7148.75740929
7149.24324450
7149.72906074
7150.21485796
7150.70063617
7151.18639532
7151.67213541
7152.15785641
7152.64355830
7153.12924106
7153.61490467
7154.10054911
7154.58617436
7155.07178040
7155.55736721
7156.04293476
7156.52848304
7157.01401202
7157.49952169
7157.98501202
7158.47048300
7158.95593459
7159.44136679
7159.92677957
7160.41217291
7160.89754679
7161.38290119
7161.86823608
7162.35355146
7162.83884729
7163.32412355
7163.80938023
7164.29461730
7164.77983475
7165.26503254
7165.75021067
7166.23536911
7166.72050784
7167.20562684
7167.69072609
7168.17580556
7168.66086524
7169.14590510
7169.63092513
7170.11592530
7170.60090560
7171.08586599
7171.57080647
7172.05572701
7172.54062758
7173.02550818
7173.51036877
7173.99520934
7174.48002986
7174.96483032
7175.44961069
7175.93437095
7176.41911108
7176.90383107
7177.38853088
7177.87321050
7178.35786991
7178.84250909
7179.32712801
7179.81172665
7180.29630500
7180.78086303
7181.26540072
7181.74991805
7182.23441500
7182.71889155
7183.20334768
7183.68778336
7184.17219857
7184.65659330
7185.14096753
7185.62532122
7186.10965436
7186.59396694
7187.07825892
7187.56253029
7188.04678102
7188.53101110
7189.01522050
7189.49940920
7189.98357719
7190.46772444
7190.95185092
7191.43595662
7191.92004152
7192.40410560
7192.88814882
7193.37217118
7193.85617266
7194.34015322
7194.82411285
7195.30805153
7195.79196924
7196.27586595
7196.75974165
7197.24359631
7197.72742991
7198.21124243
7198.69503385
7199.17880415
7199.66255330
7200.14628129
7200.62998810
7201.11367369
7201.59733806
7202.08098118
7202.56460302
7203.04820358
7203.53178281
7204.01534072
7204.49887726
7204.98239243
7205.46588620
7205.94935855
7206.43280945
7206.91623890
7207.39964685
7207.88303330
7208.36639822
7208.84974160
7209.33306340
7209.81636361
7210.29964220
7210.78289916
7211.26613447
7211.74934809
7212.23254002
7212.71571022
7213.19885868
7213.68198538
7214.16509029
7214.64817340
7215.13123468
7215.61427410
7216.09729166
7216.58028732
7217.06326107
7217.54621288
7218.02914273
7218.51205061
7218.99493648
7219.47780033
7219.96064214
7220.44346188
7220.92625953
7221.40903507
7221.89178849
7222.37451975
7222.85722884
7223.33991573
7223.82258041
7224.30522285
7224.78784303
7225.27044092
7225.75301651
7226.23556978
7226.71810070
7227.20060925
7227.68309541
7228.16555916
7228.64800048
7229.13041934
7229.61281572
7230.09518961
7230.57754097
7231.05986980
7231.54217605
7232.02445973
7232.50672079
7232.98895923
7233.47117501
7233.95336813
7234.43553854
7234.91768625
7235.39981121
7235.88191341
7236.36399284
7236.84604946
7237.32808325
7237.81009420
7238.29208227
7238.77404746
7239.25598973
7239.73790907
7240.21980546
7240.70167886
7241.18352927
7241.66535665
7242.14716099
7242.62894226
7243.11070045
7243.59243552
7244.07414747
7244.55583626
7245.03750187
7245.51914429
7246.00076349
7246.48235945
7246.96393215
7247.44548156
7247.92700766
7248.40851044
7248.88998986
7249.37144591
