4028.90621220
4029.40229313
4029.89838915
4030.39450025
4030.89062640
4031.38676760
4031.88292382
4032.37909507
4032.87528132
4033.37148256
4033.86769877
4034.36392995
4034.86017608
4035.35643714
4035.85271313
4036.34900402
4036.84530981
4037.34163048
4037.83796602
4038.33431641
4038.83068164
4039.32706170
4039.82345657
4040.31986623
4040.81629069
4041.31272992
4041.80918390
4042.30565263
4042.80213609
4043.29863426
4043.79514714
4044.29167471
4044.78821696
4045.28477387
4045.78134542
4046.27793161
4046.77453242
4047.27114784
4047.76777786
4048.26442245
4048.76108161
4049.25775532
4049.75444357
4050.25114634
4050.74786363
4051.24459542
4051.74134168
4052.23810242
4052.73487761
4053.23166725
4053.72847132
4054.22528980
4054.72212268
4055.21896995
4055.71583159
4056.21270759
4056.70959794
4057.20650263
4057.70342163
4058.20035493
4058.69730253
4059.19426440
4059.69124054
4060.18823093
4060.68523555
4061.18225440
4061.67928745
4062.17633470
4062.67339613
4063.17047172
4063.66756147
4064.16466536
4064.66178337
4065.15891550
4065.65606172
4066.15322203
4066.65039641
4067.14758484
4067.64478732
4068.14200383
4068.63923435
4069.13647887
4069.63373738
4070.13100986
4070.62829630
4071.12559669
4071.62291101
4072.12023924
4072.61758138
4073.11493742
4073.61230732
4074.10969109
4074.60708871
4075.10450016
4075.60192544
4076.09936452
4076.59681739
4077.09428405
4077.59176446
4078.08925863
4078.58676654
4079.08428817
4079.58182351
4080.07937255
4080.57693526
4081.07451165
4081.57210169
4082.06970537
4082.56732267
4083.06495359
4083.56259811
4084.06025621
4084.55792788
4085.05561311
4085.55331188
4086.05102418
4086.54874999
4087.04648930
4087.54424210
4088.04200838
4088.53978811
4089.03758129
4089.53538789
4090.03320792
4090.53104135
4091.02888816
4091.52674836
4092.02462191
4092.52250881
4093.02040904
4093.51832259
4094.01624945
4094.51418960
4095.01214302
4095.51010971
4096.00808965
4096.50608282
4097.00408922
4097.50210882
4098.00014161
4098.49818759
4098.99624672
4099.49431901
4099.99240444
4100.49050299
4100.98861464
4101.48673940
4101.98487723
4102.48302813
4102.98119208
4103.47936908
4103.97755909
4104.47576212
4104.97397814
4105.47220715
4105.97044912
4106.46870405
4106.96697192
4107.46525271
4107.96354642
4108.46185303
4108.96017252
4109.45850487
4109.95685009
4110.45520815
4110.95357903
4111.45196273
4111.95035923
4112.44876851
4112.94719056
4113.44562537
4113.94407293
4114.44253321
4114.94100621
4115.43949191
4115.93799029
4116.43650135
4116.93502506
4117.43356142
4117.93211041
4118.43067202
4118.92924623
4119.42783302
4119.92643239
4120.42504432
4120.92366879
4121.42230579
4121.92095531
4122.41961734
4122.91829185
4123.41697884
4123.91567828
4124.41439018
4124.91311450
4125.41185124
4125.91060039
4126.40936192
4126.90813583
4127.40692210
4127.90572072
4128.40453167
4128.90335494
4129.40219051
4129.90103838
4130.39989852
4130.89877092
4131.39765556
4131.89655244
4132.39546154
4132.89438285
4133.39331634
4133.89226201
4134.39121985
4134.89018983
4135.38917194
4135.88816617
4136.38717251
4136.88619094
4137.38522145
4137.88426401
4138.38331863
4138.88238528
4139.38146395
4139.88055462
4140.37965729
4140.87877193
4141.37789854
4141.87703709
4142.37618758
4142.87534998
4143.37452429
4143.87371050
4144.37290858
4144.87211852
4145.37134031
4145.87057393
4146.36981937
4146.86907662
4147.36834566
4147.86762648
4148.36691906
4148.86622338
4149.36553944
4149.86486722
4150.36420671
4150.86355788
4151.36292074
4151.86229525
4152.36168141
4152.86107921
4153.36048862
4153.85990964
4154.35934225
4154.85878643
4155.35824218
4155.85770947
4156.35718830
4156.85667865
4157.35618050
4157.85569384
4158.35521865
4158.85475493
4159.35430265
4159.85386180
4160.35343238
4160.85301435
4161.35260772
4161.85221246
4162.35182856
4162.85145601
4163.35109478
4163.85074488
4164.35040628
4164.85007896
4165.34976292
4165.84945814
4166.34916461
4166.84888230
4167.34861121
4167.84835133
4168.34810263
4168.84786510
4169.34763874
4169.84742351
4170.34721942
4170.84702644
4171.34684456
4171.84667377
4172.34651405
4172.84636539
4173.34622777
4173.84610118
4174.34598560
4174.84588102
4175.34578743
4175.84570481
4176.34563314
4176.84557241
4177.34552262
4177.84548373
4178.34545575
4178.84543864
4179.34543241
4179.84543703
4180.34545249
4180.84547878
4181.34551587
4181.84556377
4182.34562244
4182.84569189
4183.34577208
4183.84586302
4184.34596468
4184.84607705
4185.34620011
4185.84633386
4186.34647827
4186.84663333
4187.34679903
4187.84697535
4188.34716227
4188.84735980
4189.34756790
4189.84778656
4190.34801577
4190.84825552
4191.34850579
4191.84876657
4192.34903783
4192.84931957
4193.34961178
4193.84991443
4194.35022751
4194.85055102
4195.35088492
4195.85122922
4196.35158389
4196.85194892
4197.35232429
4197.85271000
4198.35310602
4198.85351235
4199.35392896
4199.85435584
4200.35479298
4200.85524036
4201.35569797
4201.85616580
4202.35664382
4202.85713203
4203.35763041
4203.85813895
4204.35865762
4204.85918642
4205.35972533
4205.86027434
4206.36083343
4206.86140259
4207.36198180
4207.86257105
4208.36317032
4208.86377960
4209.36439887
4209.86502813
4210.36566734
4210.86631651
4211.36697562
4211.86764464
4212.36832357
4212.86901239
4213.36971109
4213.87041964
4214.37113805
4214.87186629
4215.37260434
4215.87335220
4216.37410985
4216.87487727
4217.37565445
4217.87644137
4218.37723803
4218.87804439
4219.37886046
4219.87968621
4220.38052163
4220.88136671
4221.38222143
4221.88308578
4222.38395973
4222.88484329
4223.38573642
4223.88663912
4224.38755138
4224.88847317
4225.38940448
4225.89034531
4226.39129562
4226.89225542
4227.39322468
4227.89420338
4228.39519153
4228.89618909
4229.39719605
4229.89821241
4230.39923814
4230.90027323
4231.40131767
4231.90237143
4232.40343451
4232.90450690
4233.40558857
4233.90667951
4234.40777970
4234.90888914
4235.41000781
4235.91113569
4236.41227276
4236.91341902
4237.41457444
4237.91573902
4238.41691274
4238.91809557
4239.41928752
4239.92048856
4240.42169868
4240.92291786
4241.42414609
4241.92538335
4242.42662964
4242.92788493
4243.42914920
4243.93042245
4244.43170466
4244.93299582
4245.43429590
4245.93560490
4246.43692280
4246.93824958
4247.43958524
4247.94092975
4248.44228310
4248.94364527
4249.44501626
4249.94639604
4250.44778460
4250.94918193
4251.45058801
4251.95200282
4252.45342636
4252.95485860
4253.45629953
4253.95774914
4254.45920741
4254.96067432
4255.46214987
4255.96363404
4256.46512680
4256.96662815
4257.46813808
4257.96965656
4258.47118358
4258.97271913
4259.47426318
4259.97581574
4260.47737678
4260.97894628
4261.48052424
4261.98211063
4262.48370545
4262.98530867
4263.48692029
4263.98854028
4264.49016863
4264.99180533
4265.49345036
4265.99510371
4266.49676536
4266.99843529
4267.50011350
4268.00179997
4268.50349467
4269.00519761
4269.50690875
4270.00862809
4270.51035562
4271.01209131
4271.51383515
4272.01558712
4272.51734722
4273.01911543
4273.52089173
4274.02267610
4274.52446853
4275.02626901
4275.52807753
4276.02989405
4276.53171858
4277.03355110
4277.53539158
4278.03724002
4278.53909641
4279.04096071
4279.54283293
4280.04471304
4280.54660104
4281.04849690
4281.55040061
4282.05231215
4282.55423151
4283.05615868
4283.55809364
4284.06003637
4284.56198687
4285.06394510
4285.56591107
4286.06788475
4286.56986613
4287.07185519
4287.57385192
4288.07585631
4288.57786833
4289.07988798
4289.58191523
4290.08395008
4290.58599250
4291.08804249
4291.59010003
4292.09216510
4292.59423768
4293.09631777
4293.59840534
4294.10050039
4294.60260289
4295.10471283
4295.60683020
4296.10895498
4296.61108716
4297.11322672
4297.61537364
4298.11752791
4298.61968952
4299.12185845
4299.62403468
4300.12621820
4300.62840900
4301.13060705
4301.63281235
4302.13502488
4302.63724462
4303.13947155
4303.64170567
4304.14394696
4304.64619540
4305.14845098
4305.65071368
4306.15298349
4306.65526039
4307.15754436
4307.65983539
4308.16213347
4308.66443859
4309.16675071
4309.66906984
4310.17139595
4310.67372903
4311.17606906
4311.67841603
4312.18076993
4312.68313073
4313.18549843
4313.68787301
4314.19025444
4314.69264273
4315.19503784
4315.69743977
4316.19984851
4316.70226403
4317.20468632
4317.70711536
4318.20955115
4318.71199366
4319.21444288
4319.71689879
4320.21936138
4320.72183063
4321.22430654
4321.72678907
4322.22927822
4322.73177398
4323.23427632
4323.73678523
4324.23930070
4324.74182271
4325.24435124
4325.74688629
4326.24942782
4326.75197584
4327.25453032
4327.75709125
4328.25965861
4328.76223239
4329.26481258
4329.76739915
4330.26999209
4330.77259138
4331.27519702
4331.77780898
4332.28042726
4332.78305182
4333.28568267
4333.78831978
4334.29096314
4334.79361273
4335.29626854
4335.79893055
4336.30159874
4336.80427311
4337.30695364
4337.80964030
4338.31233309
4338.81503199
4339.31773698
4339.82044805
4340.32316519
4340.82588837
4341.32861758
4341.83135281
4342.33409405
4342.83684126
4343.33959445
4343.84235360
4344.34511868
4344.84788969
4345.35066660
4345.85344941
4346.35623810
4346.85903265
4347.36183304
4347.86463927
4348.36745131
4348.87026915
4349.37309278
4349.87592217
4350.37875732
4350.88159821
4351.38444482
4351.88729714
4352.39015515
4352.89301883
4353.39588818
4353.89876317
4354.40164379
4354.90453002
4355.40742185
4355.91031927
4356.41322225
4356.91613078
4357.41904485
4357.92196444
4358.42488954
4358.92782013
4359.43075619
4359.93369771
4360.43664467
4360.93959706
4361.44255486
4361.94551805
4362.44848663
4362.95146057
4363.45443987
4363.95742449
4364.46041444
4364.96340968
4365.46641022
4365.96941602
4366.47242708
4366.97544339
4367.47846491
4367.98149165
4368.48452358
4368.98756069
4369.49060296
4369.99365037
4370.49670292
4370.99976058
4371.50282334
4372.00589119
4372.50896411
4373.01204207
4373.51512508
4374.01821311
4374.52130614
4375.02440416
4375.52750716
4376.03061512
4376.53372802
4377.03684585
4377.53996859
4378.04309622
4378.54622874
4379.04936612
4379.55250836
4380.05565542
4380.55880730
4381.06196399
4381.56512546
4382.06829171
4382.57146270
4383.07463844
4383.57781890
4384.08100408
4384.58419394
4385.08738848
4385.59058768
4386.09379152
4386.59700000
4387.10021309
4387.60343077
4388.10665304
4388.60987988
4389.11311127
4389.61634719
4390.11958763
4390.62283258
4391.12608201
4391.62933592
4392.13259428
4392.63585709
4393.13912431
4393.64239595
4394.14567198
4394.64895239
4395.15223716
4395.65552628
4396.15881973
4396.66211749
4397.16541955
4397.66872590
4398.17203651
4398.67535137
4399.17867047
4399.68199379
4400.18532131
4400.68865302
4401.19198891
4401.69532895
4402.19867313
4402.70202143
4403.20537385
4403.70873036
4404.21209095
4404.71545560
4405.21882429
4405.72219702
4406.22557375
4406.72895449
4407.23233921
4407.73572790
4408.23912054
4408.74251711
4409.24591761
4409.74932200
4410.25273029
4410.75614244
4411.25955845
4411.76297831
4412.26640198
4412.76982947
4413.27326074
4413.77669580
4414.28013461
4414.78357717
4415.28702346
4415.79047346
4416.29392715
4416.79738453
4417.30084558
4417.80431027
4418.30777860
4418.81125054
4419.31472609
4419.81820522
4420.32168792
4420.82517418
4421.32866397
4421.83215729
4422.33565411
4422.83915442
4423.34265821
4423.84616545
4424.34967614
4424.85319026
4425.35670778
4425.86022870
4426.36375300
4426.86728066
4427.37081167
4427.87434601
4428.37788366
4428.88142461
4429.38496885
4429.88851635
4430.39206710
4430.89562109
4431.39917830
4431.90273871
4432.40630230
4432.90986907
4433.41343900
4433.91701206
4434.42058824
4434.92416754
4435.42774992
4435.93133538
4436.43492390
4436.93851546
4437.44211004
4437.94570764
4438.44930824
4438.95291181
4439.45651835
4439.96012783
4440.46374024
4440.96735557
4441.47097380
4441.97459491
4442.47821888
4442.98184571
4443.48547537
4443.98910785
4444.49274314
4444.99638121
4445.50002205
4446.00366564
4446.50731197
4447.01096103
4447.51461279
4448.01826724
4448.52192437
4449.02558415
4449.52924657
4450.03291162
4450.53657928
4451.04024954
4451.54392237
4452.04759776
4452.55127570
4453.05495616
4453.55863914
4454.06232462
4454.56601258
4455.06970300
4455.57339587
4456.07709117
4456.58078889
4457.08448901
4457.58819152
4458.09189639
4458.59560361
4459.09931317
4459.60302505
4460.10673923
4460.61045570
4461.11417444
4461.61789543
4462.12161866
4462.62534412
4463.12907178
4463.63280163
4464.13653366
4464.64026785
4465.14400417
4465.64774262
4466.15148318
4466.65522584
4467.15897057
4467.66271736
4468.16646620
4468.67021706
4469.17396994
4469.67772481
4470.18148166
4470.68524048
4471.18900124
4471.69276394
4472.19652855
4472.70029505
4473.20406344
4473.70783370
4474.21160581
4474.71537975
4475.21915550
4475.72293306
4476.22671241
4476.73049352
4477.23427639
4477.73806099
4478.24184731
4478.74563534
4479.24942505
4479.75321643
4480.25700947
4480.76080415
4481.26460045
4481.76839836
4482.27219786
4482.77599893
4483.27980155
4483.78360572
4484.28741142
4484.79121862
4485.29502731
4485.79883748
4486.30264911
4486.80646218
4487.31027668
4487.81409259
4488.31790990
4488.82172858
4489.32554863
4489.82937002
4490.33319274
4490.83701677
4491.34084210
4491.84466870
4492.34849658
4492.85232570
4493.35615605
4493.85998761
4494.36382037
4494.86765432
4495.37148943
4495.87532569
4496.37916309
4496.88300160
4497.38684121
4497.89068190
4498.39452366
4498.89836647
4499.40221032
4499.90605519
4500.40990105
4500.91374791
4501.41759573
4501.92144450
4502.42529422
4502.92914485
4503.43299638
4503.93684880
4504.44070210
4504.94455624
4505.44841123
4505.95226704
4506.45612365
4506.95998105
4507.46383922
4507.96769815
4508.47155782
4508.97541821
4509.47927931
4509.98314109
4510.48700356
4510.99086667
4511.49473043
4511.99859482
4512.50245981
4513.00632539
4513.51019155
4514.01405827
4514.51792552
4515.02179331
4515.52566160
4516.02953039
4516.53339965
4517.03726937
4517.54113953
4518.04501012
4518.54888112
4519.05275252
4519.55662429
4520.06049642
4520.56436890
4521.06824170
4521.57211482
4522.07598823
4522.57986192
4523.08373587
4523.58761006
4524.09148449
4524.59535912
4525.09923395
4525.60310896
4526.10698414
4526.61085945
4527.11473490
4527.61861046
4528.12248612
4528.62636186
4529.13023766
4529.63411350
4530.13798938
4530.64186527
4531.14574116
4531.64961702
4532.15349286
4532.65736863
4533.16124434
4533.66511997
4534.16899549
4534.67287089
4535.17674615
4535.68062127
4536.18449621
4536.68837097
4537.19224553
4537.69611987
4538.19999397
4538.70386782
4539.20774141
4539.71161470
4540.21548770
4540.71936038
4541.22323272
4541.72710471
4542.23097634
4542.73484757
4543.23871841
4543.74258883
4544.24645881
4544.75032835
4545.25419741
4545.75806599
4546.26193407
4546.76580163
4547.26966866
4547.77353513
4548.27740104
4548.78126636
4549.28513108
4549.78899518
4550.29285865
4550.79672147
4551.30058361
4551.80444508
4552.30830584
4552.81216588
4553.31602519
4553.81988375
4554.32374154
4554.82759855
4555.33145475
4555.83531013
4556.33916468
4556.84301838
4557.34687121
4557.85072316
4558.35457420
4558.85842432
4559.36227351
4559.86612175
4560.36996901
4560.87381530
4561.37766058
4561.88150484
4562.38534806
4562.88919023
4563.39303134
4563.89687135
4564.40071027
4564.90454806
4565.40838472
4565.91222023
4566.41605456
4566.91988771
4567.42371966
4567.92755038
4568.43137987
4568.93520810
4569.43903507
4569.94286074
4570.44668512
4570.95050817
4571.45432988
4571.95815024
4572.46196923
4572.96578683
4573.46960302
4573.97341779
4574.47723113
4574.98104301
4575.48485341
4575.98866233
4576.49246974
4576.99627563
4577.50007998
4578.00388277
4578.50768399
4579.01148362
4579.51528164
4580.01907804
4580.52287280
4581.02666590
4581.53045732
4582.03424706
4582.53803509
4583.04182139
4583.54560595
4584.04938875
4584.55316977
4585.05694901
4585.56072643
4586.06450203
4586.56827578
4587.07204768
4587.57581769
4588.07958582
4588.58335203
4589.08711631
4589.59087865
4590.09463903
4590.59839743
4591.10215384
4591.60590823
4592.10966060
4592.61341092
4593.11715917
4593.62090535
4594.12464942
4594.62839139
4595.13213122
4595.63586891
4596.13960443
4596.64333777
4597.14706891
4597.65079784
4598.15452453
4598.65824898
4599.16197116
4599.66569105
4600.16940865
4600.67312392
4601.17683687
4601.68054746
4602.18425568
4602.68796152
4603.19166496
4603.69536598
4604.19906456
4604.70276069
4605.20645434
4605.71014552
4606.21383418
4606.71752033
4607.22120394
4607.72488499
4608.22856347
4608.73223936
4609.23591265
4609.73958331
4610.24325133
4610.74691669
4611.25057938
4611.75423938
4612.25789667
4612.76155124
4613.26520306
4613.76885212
4614.27249841
4614.77614190
4615.27978258
4615.78342044
4616.28705545
4616.79068760
4617.29431686
4617.79794324
4618.30156670
4618.80518723
4619.30880481
4619.81241943
4620.31603106
4620.81963970
4621.32324532
4621.82684791
4622.33044745
4622.83404392
4623.33763731
4623.84122760
4624.34481477
4624.84839880
4625.35197969
4625.85555740
4626.35913192
4626.86270324
4627.36627135
4627.86983621
4628.37339782
4628.87695615
4629.38051120
4629.88406293
4630.38761135
4630.89115642
4631.39469814
4631.89823648
4632.40177143
4632.90530297
4633.40883108
4633.91235575
4634.41587696
4634.91939468
4635.42290892
4635.92641964
4636.42992683
4636.93343047
4637.43693056
4637.94042705
4638.44391995
4638.94740924
4639.45089489
4639.95437689
4640.45785523
4640.96132988
4641.46480082
4641.96826805
4642.47173155
4642.97519129
4643.47864725
4643.98209944
4644.48554781
4644.98899236
4645.49243308
4645.99586994
4646.49930292
4647.00273201
4647.50615720
4648.00957845
4648.51299577
4649.01640912
4649.51981850
4650.02322388
4650.52662525
4651.03002259
4651.53341589
4652.03680512
4652.54019027
4653.04357132
4653.54694825
4654.05032106
4654.55368971
4655.05705419
4655.56041449
4656.06377059
4656.56712247
4657.07047011
4657.57381350
4658.07715261
4658.58048744
4659.08381796
4659.58714416
4660.09046602
4660.59378351
4661.09709664
4661.60040537
4662.10370969
4662.60700959
4663.11030504
4663.61359602
4664.11688253
4664.62016454
4665.12344204
4665.62671501
4666.12998343
4666.63324728
4667.13650655
4667.63976121
4668.14301126
4668.64625668
4669.14949744
4669.65273353
4670.15596493
4670.65919163
4671.16241361
4671.66563084
4672.16884332
4672.67205102
4673.17525394
4673.67845204
4674.18164531
4674.68483375
4675.18801732
4675.69119601
4676.19436980
4676.69753868
4677.20070263
4677.70386163
4678.20701567
4678.71016472
4679.21330877
4679.71644780
4680.21958180
4680.72271074
4681.22583461
4681.72895340
4682.23206707
4682.73517563
4683.23827904
4683.74137730
4684.24447038
4684.74755827
4685.25064095
4685.75371840
4686.25679060
4686.75985754
4687.26291920
4687.76597557
4688.26902662
4688.77207233
4689.27511270
4689.77814770
4690.28117731
4690.78420152
4691.28722031
4691.79023366
4692.29324155
4692.79624398
4693.29924091
4693.80223234
4694.30521824
4694.80819859
4695.31117339
4695.81414261
4696.31710623
4696.82006424
4697.32301662
4697.82596336
4698.32890442
4698.83183981
4699.33476949
4699.83769345
4700.34061168
4700.84352416
4701.34643086
4701.84933178
4702.35222689
4702.85511617
4703.35799962
4703.86087720
4704.36374891
4704.86661473
4705.36947463
4705.87232861
4706.37517664
4706.87801870
4707.38085478
4707.88368486
4708.38650893
4708.88932696
4709.39213894
4709.89494485
4710.39774467
4710.90053838
4711.40332598
4711.90610743
4712.40888272
4712.91165184
4713.41441477
4713.91717148
4714.41992197
4714.92266621
4715.42540418
4715.92813588
4716.43086127
4716.93358035
4717.43629310
4717.93899949
4718.44169951
4718.94439314
4719.44708037
4719.94976118
4720.45243555
4720.95510345
4721.45776489
4721.96041982
4722.46306825
4722.96571015
4723.46834550
4723.97097429
4724.47359649
4724.97621210
4725.47882109
4725.98142344
4726.48401914
4726.98660817
4727.48919051
4727.99176615
4728.49433506
4728.99689723
4729.49945264
4730.00200128
4730.50454312
4731.00707814
4731.50960634
4732.01212769
4732.51464217
4733.01714977
4733.51965047
4734.02214425
4734.52463110
4735.02711099
4735.52958391
4736.03204983
4736.53450875
4737.03696065
4737.53940550
4738.04184329
4738.54427400
4739.04669762
4739.54911412
4740.05152349
4740.55392571
4741.05632076
4741.55870863
4742.06108929
4742.56346273
4743.06582893
4743.56818788
4744.07053955
4744.57288393
4745.07522100
4745.57755074
4746.07987313
4746.58218816
4747.08449581
4747.58679606
4748.08908890
4748.59137430
4749.09365224
4749.59592272
4750.09818570
4750.60044118
4751.10268914
4751.60492955
4752.10716241
4752.60938768
4753.11160536
4753.61381543
4754.11601786
4754.61821265
4755.12039977
4755.62257920
4756.12475093
4756.62691494
4757.12907121
4757.63121973
4758.13336047
4758.63549342
4759.13761855
4759.63973586
4760.14184533
4760.64394692
4761.14604064
4761.64812646
4762.15020436
4762.65227432
4763.15433633
4763.65639037
4764.15843642
4764.66047446
4765.16250448
4765.66452645
4766.16654036
4766.66854619
4767.17054393
4767.67253355
4768.17451504
4768.67648837
4769.17845354
4769.68041052
4770.18235929
4770.68429985
4771.18623216
4771.68815621
4772.19007199
4772.69197947
4773.19387864
4773.69576947
4774.19765196
4774.69952609
4775.20139182
4775.70324916
4776.20509807
4776.70693855
4777.20877056
4777.71059411
4778.21240916
4778.71421570
4779.21601371
4779.71780317
4780.21958407
4780.72135639
4781.22312011
4781.72487520
4782.22662166
4782.72835947
4783.23008860
4783.73180904
4784.23352077
4784.73522377
4785.23691803
4785.73860353
4786.24028024
4786.74194816
4787.24360725
4787.74525751
4788.24689892
4788.74853146
4789.25015510
4789.75176984
4790.25337565
4790.75497252
4791.25656043
4791.75813935
4792.25970928
4792.76127019
4793.26282207
4793.76436489
4794.26589864
4794.76742331
4795.26893886
4795.77044529
4796.27194258
4796.77343071
4797.27490966
4797.77637941
4798.27783994
4798.77929124
4799.28073329
4799.78216607
4800.28358955
4800.78500374
4801.28640860
4801.78780411
4802.28919027
4802.79056704
4803.29193442
4803.79329238
4804.29464091
4804.79597999
4805.29730960
4805.79862971
4806.29994033
4806.80124142
4807.30253296
4807.80381495
4808.30508735
4808.80635016
4809.30760335
4809.80884691
4810.31008082
4810.81130506
4811.31251961
4811.81372445
4812.31491957
4812.81610495
4813.31728056
4813.81844639
4814.31960243
4814.82074865
4815.32188504
4815.82301158
4816.32412824
4816.82523502
4817.32633188
4817.82741883
4818.32849583
4818.82956287
4819.33061993
4819.83166699
4820.33270403
4820.83373104
4821.33474799
4821.83575488
4822.33675167
4822.83773836
4823.33871492
4823.83968134
4824.34063759
4824.84158366
4825.34251953
4825.84344519
4826.34436061
4826.84526577
4827.34616067
4827.84704527
4828.34791956
4828.84878353
4829.34963715
4829.85048040
4830.35131328
4830.85213575
4831.35294780
4831.85374942
4832.35454058
4832.85532126
4833.35609146
4833.85685114
4834.35760030
4834.85833890
4835.35906694
4835.85978440
4836.36049125
4836.86118749
4837.36187308
4837.86254802
4838.36321228
4838.86386584
4839.36450870
4839.86514082
4840.36576219
4840.86637280
4841.36697262
4841.86756163
4842.36813982
4842.86870717
4843.36926366
4843.86980928
4844.37034399
4844.87086779
4845.37138066
4845.87188257
4846.37237352
4846.87285347
4847.37332242
4847.87378035
4848.37422723
4848.87466304
4849.37508778
4849.87550142
4850.37590394
4850.87629532
4851.37667555
4851.87704460
4852.37740247
4852.87774912
4853.37808455
4853.87840873
4854.37872164
4854.87902327
4855.37931360
4855.87959261
4856.37986027
4856.88011658
4857.38036152
4857.88059506
4858.38081718
4858.88102788
4859.38122712
4859.88141490
4860.38159119
4860.88175597
4861.38190923
4861.88205095
4862.38218110
4862.88229968
4863.38240665
4863.88250201
4864.38258574
4864.88265781
4865.38271821
4865.88276692
4866.38280392
4866.88282919
4867.38284272
4867.88284448
4868.38283445
4868.88281263
4869.38277898
4869.88273350
4870.38267616
4870.88260694
4871.38252582
4871.88243280
4872.38232784
4872.88221093
4873.38208205
4873.88194118
4874.38178831
4874.88162341
4875.38144647
4875.88125747
4876.38105639
4876.88084320
4877.38061790
4877.88038047
4878.38013087
4878.87986911
4879.37959515
4879.87930898
4880.37901058
4880.87869994
4881.37837702
4881.87804182
4882.37769432
4882.87733450
4883.37696233
4883.87657780
4884.37618090
4884.87577160
4885.37534988
4885.87491573
4886.37446912
4886.87401005
4887.37353848
4887.87305440
4888.37255780
4888.87204865
4889.37152693
4889.87099263
4890.37044573
4890.86988621
4891.36931405
4891.86872922
4892.36813173
4892.86752153
4893.36689862
4893.86626298
4894.36561459
4894.86495342
4895.36427947
4895.86359271
4896.36289312
4896.86218068
4897.36145538
4897.86071720
4898.35996612
4898.85920211
4899.35842517
4899.85763527
4900.35683239
4900.85601652
4901.35518764
4901.85434572
4902.35349075
4902.85262270
4903.35174157
4903.85084734
4904.34993997
4904.84901946
4905.34808579
4905.84713893
4906.34617887
4906.84520559
4907.34421908
4907.84321930
4908.34220625
4908.84117990
4909.34014024
4909.83908724
4910.33802089
4910.83694117
4911.33584807
4911.83474155
4912.33362161
4912.83248822
4913.33134136
4913.83018103
4914.32900719
4914.82781983
4915.32661893
4915.82540447
4916.32417643
4916.82293480
4917.32167955
4917.82041066
4918.31912813
4918.81783192
4919.31652202
4919.81519841
4920.31386107
4920.81250999
4921.31114514
4921.80976650
4922.30837407
4922.80696780
4923.30554770
4923.80411374
4924.30266589
4924.80120415
4925.29972849
4925.79823890
4926.29673535
4926.79521783
4927.29368631
4927.79214078
4928.29058123
4928.78900762
4929.28741994
4929.78581818
4930.28420231
4930.78257232
4931.28092818
4931.77926988
4932.27759740
4932.77591072
4933.27420981
4933.77249467
4934.27076527
4934.76902160
4935.26726363
4935.76549134
4936.26370473
4936.76190376
4937.26008841
4937.75825868
4938.25641454
4938.75455597
4939.25268296
4939.75079548
4940.24889351
4940.74697704
4941.24504605
4941.74310051
4942.24114042
4942.73916574
4943.23717646
4943.73517257
4944.23315404
4944.73112086
4945.22907300
4945.72701044
4946.22493318
4946.72284118
4947.22073443
4947.71861291
4948.21647660
4948.71432548
4949.21215954
4949.70997875
4950.20778310
4950.70557256
4951.20334712
4951.70110676
4952.19885145
4952.69658119
4953.19429594
4953.69199570
4954.18968044
4954.68735014
4955.18500479
4955.68264437
4956.18026885
4956.67787822
4957.17547245
4957.67305154
4958.17061545
4958.66816418
4959.16569770
4959.66321599
4960.16071903
4960.65820681
4961.15567931
4961.65313650
4962.15057837
4962.64800490
4963.14541606
4963.64281185
4964.14019224
4964.63755720
4965.13490674
4965.63224081
4966.12955941
4966.62686252
4967.12415011
4967.62142217
4968.11867867
4968.61591961
4969.11314496
4969.61035469
4970.10754880
4970.60472726
4971.10189005
4971.59903716
4972.09616856
4972.59328423
4973.09038417
4973.58746834
4974.08453672
4974.58158931
4975.07862608
4975.57564700
4976.07265207
4976.56964126
4977.06661456
4977.56357193
4978.06051338
4978.55743886
4979.05434838
4979.55124190
4980.04811941
4980.54498088
4981.04182631
4981.53865567
4982.03546893
4982.53226609
4983.02904712
4983.52581201
4984.02256073
4984.51929326
4985.01600959
4985.51270969
4986.00939356
4986.50606116
4987.00271247
4987.49934749
4987.99596619
4988.49256855
4988.98915455
4989.48572417
4989.98227740
4990.47881421
4990.97533458
4991.47183850
4991.96832594
4992.46479689
4992.96125133
4993.45768924
4993.95411059
4994.45051538
4994.94690357
4995.44327516
4995.93963012
4996.43596843
4996.93229007
4997.42859503
4997.92488328
4998.42115480
4998.91740958
4999.41364760
4999.90986884
5000.40607327
5000.90226088
5001.39843165
5001.89458556
5002.39072259
5002.88684272
5003.38294593
5003.87903221
5004.37510152
5004.87115387
5005.36718921
5005.86320754
5006.35920884
5006.85519308
5007.35116025
5007.84711033
5008.34304329
5008.83895912
5009.33485781
5009.83073932
5010.32660364
5010.82245076
5011.31828064
5011.81409328
5012.30988865
5012.80566674
5013.30142751
5013.79717097
5014.29289708
5014.78860582
5015.28429718
5015.77997114
5016.27562767
5016.77126677
5017.26688840
5017.76249255
5018.25807921
5018.75364834
5019.24919993
5019.74473397
5020.24025042
5020.73574928
5021.23123053
5021.72669413
5022.22214008
5022.71756836
5023.21297894
5023.70837181
5024.20374694
5024.69910432
5025.19444393
5025.68976575
5026.18506975
5026.68035592
5027.17562425
5027.67087470
5028.16610727
5028.66132192
5029.15651865
5029.65169743
5030.14685824
5030.64200106
5031.13712588
5031.63223267
5032.12732142
5032.62239210
5033.11744470
5033.61247919
5034.10749556
5034.60249378
5035.09747385
5035.59243573
5036.08737941
5036.58230487
5037.07721209
5037.57210104
5038.06697172
5038.56182410
5039.05665816
5039.55147388
5040.04627124
5040.54105022
5041.03581081
5041.53055298
5042.02527671
5042.51998199
5043.01466879
5043.50933710
5044.00398689
5044.49861815
5044.99323085
5045.48782498
5045.98240052
5046.47695744
5046.97149573
5047.46601537
5047.96051634
5048.45499862
5048.94946218
5049.44390702
5049.93833310
5050.43274042
5050.92712895
5051.42149866
5051.91584955
5052.41018159
