6243.26627186
6243.75905412
6244.25184410
6244.74464180
6245.23744719
6245.73026028
6246.22308105
6246.71590950
6247.20874562
6247.70158940
6248.19444083
6248.68729990
6249.18016660
6249.67304093
6250.16592287
6250.65881243
6251.15170957
6251.64461431
6252.13752663
6252.63044653
6253.12337398
6253.61630900
6254.10925155
6254.60220165
6255.09515927
6255.58812442
6256.08109707
6256.57407723
6257.06706488
6257.56006002
6258.05306263
6258.54607271
6259.03909025
6259.53211523
6260.02514766
6260.51818752
6261.01123481
6261.50428951
6261.99735161
6262.49042111
6262.98349800
6263.47658227
6263.96967391
6264.46277291
6264.95587926
6265.44899296
6265.94211399
6266.43524234
6266.92837802
6267.42152100
6267.91467128
6268.40782885
6268.90099370
6269.39416582
6269.88734521
6270.38053185
6270.87372574
6271.36692686
6271.86013521
6272.35335078
6272.84657356
6273.33980355
6273.83304072
6274.32628507
6274.81953660
6275.31279529
6275.80606114
6276.29933414
6276.79261427
6277.28590153
6277.77919591
6278.27249740
6278.76580600
6279.25912168
6279.75244445
6280.24577429
6280.73911120
6281.23245516
6281.72580617
6282.21916422
6282.71252930
6283.20590140
6283.69928050
6284.19266661
6284.68605971
6285.17945980
6285.67286686
6286.16628088
6286.65970186
6287.15312978
6287.64656465
6288.14000644
6288.63345515
6289.12691077
6289.62037329
6290.11384270
6290.60731899
6291.10080216
6291.59429219
6292.08778908
6292.58129281
6293.07480337
6293.56832077
6294.06184498
6294.55537600
6295.04891382
6295.54245842
6296.03600981
6296.52956797
6297.02313289
6297.51670457
6298.01028299
6298.50386814
6298.99746001
6299.49105861
6299.98466390
6300.47827590
6300.97189458
6301.46551994
6301.95915197
6302.45279066
6302.94643599
6303.44008797
6303.93374658
6304.42741181
6304.92108366
6305.41476210
6305.90844715
6306.40213877
6306.89583697
6307.38954173
6307.88325305
6308.37697092
6308.87069533
6309.36442626
6309.85816371
6310.35190767
6310.84565812
6311.33941507
6311.83317850
6312.32694840
6312.82072476
6313.31450757
6313.80829682
6314.30209251
6314.79589462
6315.28970314
6315.78351807
6316.27733939
6316.77116709
6317.26500118
6317.75884162
6318.25268843
6318.74654158
6319.24040107
6319.73426689
6320.22813902
6320.72201746
6321.21590220
6321.70979323
6322.20369054
6322.69759412
6323.19150396
6323.68542006
6324.17934239
6324.67327095
6325.16720574
6325.66114673
6326.15509393
6326.64904733
6327.14300690
6327.63697265
6328.13094456
6328.62492263
6329.11890684
6329.61289719
6330.10689366
6330.60089624
6331.09490493
6331.58891972
6332.08294059
6332.57696754
6333.07100055
6333.56503962
6334.05908474
6334.55313590
6335.04719308
6335.54125628
6336.03532549
6336.52940069
6337.02348189
6337.51756906
6338.01166220
6338.50576130
6338.99986634
6339.49397733
6339.98809424
6340.48221708
6340.97634582
6341.47048047
6341.96462100
6342.45876741
6342.95291969
6343.44707784
6343.94124183
6344.43541166
6344.92958732
6345.42376881
6345.91795610
6346.41214920
6346.90634808
6347.40055274
6347.89476318
6348.38897938
6348.88320132
6349.37742901
6349.87166243
6350.36590157
6350.86014642
6351.35439697
6351.84865321
6352.34291513
6352.83718272
6353.33145598
6353.82573488
6354.32001943
6354.81430960
6355.30860540
6355.80290680
6356.29721381
6356.79152641
6357.28584459
6357.78016833
6358.27449764
6358.76883250
6359.26317290
6359.75751882
6360.25187027
6360.74622723
6361.24058968
6361.73495763
6362.22933106
6362.72370995
6363.21809430
6363.71248410
6364.20687934
6364.70128001
6365.19568610
6365.69009759
6366.18451449
6366.67893677
6367.17336443
6367.66779745
6368.16223583
6368.65667956
6369.15112863
6369.64558302
6370.14004273
6370.63450774
6371.12897805
6371.62345365
6372.11793452
6372.61242065
6373.10691204
6373.60140867
6374.09591054
6374.59041763
6375.08492994
6375.57944744
6376.07397014
6376.56849803
6377.06303108
6377.55756930
6378.05211267
6378.54666118
6379.04121482
6379.53577358
6380.03033745
6380.52490641
6381.01948047
6381.51405961
6382.00864382
6382.50323308
6382.99782739
6383.49242674
6383.98703112
6384.48164051
6384.97625491
6385.47087430
6385.96549868
6386.46012803
6386.95476235
6387.44940162
6387.94404583
6388.43869498
6388.93334905
6389.42800803
6389.92267191
6390.41734068
6390.91201433
6391.40669286
6391.90137624
6392.39606447
6392.89075754
6393.38545543
6393.88015815
6394.37486566
6394.86957798
6395.36429508
6395.85901695
6396.35374359
6396.84847499
6397.34321112
6397.83795199
6398.33269758
6398.82744788
6399.32220288
6399.81696258
6400.31172695
6400.80649599
6401.30126968
6401.79604803
6402.29083101
6402.78561862
6403.28041084
6403.77520767
6404.27000909
6404.76481510
6405.25962568
6405.75444081
6406.24926051
6406.74408474
6407.23891350
6407.73374678
6408.22858457
6408.72342685
6409.21827363
6409.71312487
6410.20798059
6410.70284076
6411.19770537
6411.69257442
6412.18744788
6412.68232576
6413.17720804
6413.67209471
6414.16698576
6414.66188118
6415.15678095
6415.65168507
6416.14659353
6416.64150631
6417.13642340
6417.63134480
6418.12627049
6418.62120046
6419.11613470
6419.61107321
6420.10601596
6420.60096295
6421.09591416
6421.59086959
6422.08582923
6422.58079306
6423.07576107
6423.57073326
6424.06570961
6424.56069011
6425.05567474
6425.55066351
6426.04565639
6426.54065338
6427.03565447
6427.53065964
6428.02566888
6428.52068219
6429.01569955
6429.51072095
6430.00574638
6430.50077582
6430.99580928
6431.49084673
6431.98588817
6432.48093358
6432.97598295
6433.47103628
6433.96609355
6434.46115475
6434.95621986
6435.45128889
6435.94636181
6436.44143862
6436.93651930
6437.43160385
6437.92669225
6438.42178449
6438.91688056
6439.41198045
6439.90708414
6440.40219164
6440.89730292
6441.39241797
6441.88753679
6442.38265936
6442.87778567
6443.37291571
6443.86804947
6444.36318693
6444.85832810
6445.35347294
6445.84862146
6446.34377365
6446.83892948
6447.33408895
6447.82925206
6448.32441878
6448.81958910
6449.31476302
6449.80994053
6450.30512161
6450.80030625
6451.29549443
6451.79068616
6452.28588141
6452.78108018
6453.27628246
6453.77148823
6454.26669748
6454.76191020
6455.25712637
6455.75234600
6456.24756907
6456.74279555
6457.23802546
6457.73325876
6458.22849546
6458.72373553
6459.21897898
6459.71422578
6460.20947592
6460.70472940
6461.19998620
6461.69524632
6462.19050973
6462.68577643
6463.18104641
6463.67631965
6464.17159615
6464.66687589
6465.16215886
6465.65744505
6466.15273445
6466.64802705
6467.14332283
6467.63862178
6468.13392390
6468.62922916
6469.12453757
6469.61984910
6470.11516375
6470.61048150
6471.10580235
6471.60112627
6472.09645327
6472.59178332
6473.08711642
6473.58245256
6474.07779172
6474.57313389
6475.06847906
6475.56382722
6476.05917836
6476.55453246
6477.04988951
6477.54524951
6478.04061244
6478.53597829
6479.03134704
6479.52671869
6480.02209322
6480.51747063
6481.01285089
6481.50823401
6482.00361996
6482.49900873
6482.99440032
6483.48979472
6483.98519190
6484.48059186
6484.97599459
6485.47140007
6485.96680830
6486.46221925
6486.95763293
6487.45304932
6487.94846840
6488.44389017
6488.93931460
6489.43474170
6489.93017145
6490.42560384
6490.92103885
6491.41647648
6491.91191670
6492.40735952
6492.90280492
6493.39825288
6493.89370340
6494.38915646
6494.88461205
6495.38007015
6495.87553077
6496.37099388
6496.86645948
6497.36192754
6497.85739807
6498.35287104
6498.84834645
6499.34382428
6499.83930453
6500.33478717
6500.83027221
6501.32575961
6501.82124939
6502.31674151
6502.81223598
6503.30773277
6503.80323188
6504.29873330
6504.79423700
6505.28974299
6505.78525124
6506.28076175
6506.77627451
6507.27178950
6507.76730671
6508.26282612
6508.75834774
6509.25387153
6509.74939750
6510.24492563
6510.74045591
6511.23598832
6511.73152286
6512.22705951
6512.72259825
6513.21813909
6513.71368200
6514.20922697
6514.70477400
6515.20032306
6515.69587416
6516.19142726
6516.68698237
6517.18253947
6517.67809855
6518.17365959
6518.66922259
6519.16478753
6519.66035440
6520.15592319
6520.65149388
6521.14706647
6521.64264094
6522.13821727
6522.63379547
6523.12937550
6523.62495737
6524.12054106
6524.61612656
6525.11171385
6525.60730292
6526.10289377
6526.59848637
6527.09408072
6527.58967681
6528.08527461
6528.58087413
6529.07647534
6529.57207824
6530.06768281
6530.56328904
6531.05889691
6531.55450643
6532.05011756
6532.54573031
6533.04134466
6533.53696059
6534.03257809
6534.52819716
6535.02381777
6535.51943993
6536.01506360
6536.51068879
6537.00631548
6537.50194365
6537.99757330
6538.49320442
6538.98883698
6539.48447097
6539.98010640
6540.47574323
6540.97138147
6541.46702109
6541.96266209
6542.45830445
6542.95394816
6543.44959321
6543.94523958
6544.44088727
6544.93653626
6545.43218653
6545.92783808
6546.42349089
6546.91914495
6547.41480025
6547.91045677
6548.40611451
6548.90177345
6549.39743357
6549.89309487
6550.38875733
6550.88442093
6551.38008568
6551.87575155
6552.37141853
6552.86708661
6553.36275578
6553.85842602
6554.35409733
6554.84976968
6555.34544307
6555.84111748
6556.33679290
6556.83246932
6557.32814672
6557.82382510
6558.31950444
6558.81518472
6559.31086594
6559.80654808
6560.30223113
6560.79791508
6561.29359991
6561.78928561
6562.28497217
6562.78065957
6563.27634781
6563.77203687
6564.26772673
6564.76341739
6565.25910884
6565.75480105
6566.25049401
6566.74618772
6567.24188216
6567.73757732
6568.23327319
6568.72896974
6569.22466698
6569.72036488
6570.21606344
6570.71176263
6571.20746246
6571.70316290
6572.19886394
6572.69456557
6573.19026778
6573.68597055
6574.18167387
6574.67737774
6575.17308212
6575.66878702
6576.16449242
6576.66019830
6577.15590466
6577.65161147
6578.14731874
6578.64302644
6579.13873456
6579.63444309
6580.13015201
6580.62586132
6581.12157100
6581.61728103
6582.11299141
6582.60870212
6583.10441315
6583.60012448
6584.09583610
6584.59154800
6585.08726017
6585.58297259
6586.07868525
6586.57439814
6587.07011124
6587.56582454
6588.06153803
6588.55725169
6589.05296552
6589.54867949
6590.04439359
6590.54010782
6591.03582216
6591.53153660
6592.02725111
6592.52296570
6593.01868034
6593.51439503
6594.01010974
6594.50582448
6595.00153921
6595.49725394
6595.99296865
6596.48868331
6596.98439794
6597.48011249
6597.97582698
6598.47154137
6598.96725567
6599.46296984
6599.95868389
6600.45439780
6600.95011156
6601.44582514
6601.94153855
6602.43725176
6602.93296477
6603.42867755
6603.92439010
6604.42010240
6604.91581444
6605.41152621
6605.90723769
6606.40294887
6606.89865973
6607.39437027
6607.89008047
6608.38579032
6608.88149979
6609.37720889
6609.87291759
6610.36862589
6610.86433377
6611.36004121
6611.85574820
6612.35145474
6612.84716080
6613.34286637
6613.83857144
6614.33427600
6614.82998003
6615.32568352
6615.82138645
6616.31708882
6616.81279060
6617.30849179
6617.80419237
6618.29989233
6618.79559166
6619.29129034
6619.78698835
6620.28268569
6620.77838234
6621.27407829
6621.76977352
6622.26546802
6622.76116178
6623.25685478
6623.75254701
6624.24823846
6624.74392911
6625.23961895
6625.73530797
6626.23099615
6626.72668347
6627.22236994
6627.71805552
6628.21374021
6628.70942400
6629.20510686
6629.70078880
6630.19646978
6630.69214981
6631.18782886
6631.68350693
6632.17918399
6632.67486004
6633.17053506
6633.66620904
6634.16188196
6634.65755382
6635.15322459
6635.64889426
6636.14456282
6636.64023026
6637.13589657
6637.63156172
6638.12722570
6638.62288851
6639.11855012
6639.61421053
6640.10986972
6640.60552767
6641.10118438
6641.59683982
6642.09249399
6642.58814687
6643.08379845
6643.57944871
6644.07509764
6644.57074522
6645.06639145
6645.56203631
6646.05767978
6646.55332185
6647.04896251
6647.54460175
6648.04023954
6648.53587587
6649.03151074
6649.52714413
6650.02277602
6650.51840640
6651.01403525
6651.50966257
6652.00528834
6652.50091254
6652.99653516
6653.49215618
6653.98777560
6654.48339340
6654.97900956
6655.47462408
6655.97023693
6656.46584810
6656.96145759
6657.45706536
6657.95267142
6658.44827575
6658.94387832
6659.43947914
6659.93507818
6660.43067544
6660.92627089
6661.42186452
6661.91745633
6662.41304628
6662.90863438
6663.40422061
6663.89980495
6664.39538738
6664.89096790
6665.38654650
6665.88212315
6666.37769784
6666.87327056
6667.36884129
6667.86441003
6668.35997675
6668.85554144
6669.35110409
6669.84666469
6670.34222321
6670.83777965
6671.33333399
6671.82888622
6672.32443632
6672.81998428
6673.31553009
6673.81107372
6674.30661517
6674.80215443
6675.29769147
6675.79322629
6676.28875886
6676.78428918
6677.27981724
6677.77534300
6678.27086648
6678.76638764
6679.26190647
6679.75742297
6680.25293711
6680.74844888
6681.24395827
6681.73946526
6682.23496984
6682.73047199
6683.22597171
6683.72146897
6684.21696376
6684.71245607
6685.20794588
6685.70343318
6686.19891795
6686.69440019
6687.18987987
6687.68535698
6688.18083150
6688.67630343
6689.17177275
6689.66723944
6690.16270349
6690.65816488
6691.15362361
6691.64907965
6692.14453299
6692.63998362
6693.13543153
6693.63087669
6694.12631909
6694.62175872
6695.11719557
6695.61262962
6696.10806086
6696.60348927
6697.09891483
6697.59433754
6698.08975737
6698.58517432
6699.08058837
6699.57599950
6700.07140770
6700.56681296
6701.06221526
6701.55761458
6702.05301092
6702.54840425
6703.04379457
6703.53918186
6704.03456610
6704.52994727
6705.02532538
6705.52070039
6706.01607230
6706.51144109
6707.00680674
6707.50216925
6707.99752859
6708.49288476
6708.98823774
6709.48358750
6709.97893405
6710.47427736
6710.96961742
6711.46495421
6711.96028772
6712.45561794
6712.95094485
6713.44626843
6713.94158868
6714.43690557
6714.93221909
6715.42752923
6715.92283597
6716.41813930
6716.91343920
6717.40873566
6717.90402867
6718.39931820
6718.89460424
6719.38988679
6719.88516582
6720.38044131
6720.87571327
6721.37098166
6721.86624648
6722.36150771
6722.85676533
6723.35201933
6723.84726970
6724.34251642
6724.83775948
6725.33299886
6725.82823454
6726.32346652
6726.81869477
6727.31391928
6727.80914005
6728.30435704
6728.79957025
6729.29477966
6729.78998526
6730.28518704
6730.78038497
6731.27557904
6731.77076924
6732.26595555
6732.76113797
6733.25631646
6733.75149102
6734.24666164
6734.74182829
6735.23699097
6735.73214965
6736.22730433
6736.72245498
6737.21760160
6737.71274417
6738.20788267
6738.70301709
6739.19814741
6739.69327362
6740.18839570
6740.68351364
6741.17862742
6741.67373703
6742.16884246
6742.66394368
6743.15904068
6743.65413345
6744.14922198
6744.64430624
6745.13938622
6745.63446191
6746.12953330
6746.62460036
6747.11966308
6747.61472145
6748.10977545
6748.60482506
6749.09987028
6749.59491108
6750.08994746
6750.58497939
6751.08000686
6751.57502986
6752.07004836
6752.56506236
6753.06007185
6753.55507679
6754.05007719
6754.54507302
6755.04006426
6755.53505092
6756.03003296
6756.52501037
6757.01998314
6757.51495126
6758.00991470
6758.50487345
6758.99982750
6759.49477684
6759.98972144
6760.48466128
6760.97959637
6761.47452668
6761.96945219
6762.46437289
6762.95928876
6763.45419980
6763.94910598
6764.44400728
6764.93890370
6765.43379522
6765.92868182
6766.42356348
6766.91844020
6767.41331196
6767.90817873
6768.40304051
6768.89789728
6769.39274902
6769.88759573
6770.38243738
6770.87727395
6771.37210544
6771.86693182
6772.36175309
6772.85656923
6773.35138021
6773.84618603
6774.34098667
6774.83578212
6775.33057235
6775.82535736
6776.32013712
6776.81491163
6777.30968087
6777.80444482
6778.29920346
6778.79395678
6779.28870477
6779.78344741
6780.27818468
6780.77291657
6781.26764306
6781.76236414
6782.25707979
6782.75179000
6783.24649474
6783.74119402
6784.23588780
6784.73057607
6785.22525882
6785.71993604
6786.21460770
6786.70927379
6787.20393430
6787.69858920
6788.19323850
6788.68788216
6789.18252017
6789.67715252
6790.17177919
6790.66640016
6791.16101543
6791.65562497
6792.15022877
6792.64482681
6793.13941908
6793.63400556
6794.12858623
6794.62316109
6795.11773011
6795.61229328
6796.10685058
6796.60140200
6797.09594752
6797.59048712
6798.08502079
6798.57954852
6799.07407029
6799.56858607
6800.06309587
6800.55759965
6801.05209741
6801.54658913
6802.04107479
6802.53555437
6803.03002787
6803.52449527
6804.01895654
6804.51341168
6805.00786067
6805.50230348
6805.99674012
6806.49117055
6806.98559477
6807.48001275
6807.97442449
6808.46882997
6808.96322916
6809.45762206
6809.95200865
6810.44638892
6810.94076283
6811.43513039
6811.92949158
6812.42384637
6812.91819476
6813.41253672
6813.90687225
6814.40120131
6814.89552391
6815.38984002
6815.88414963
6816.37845272
6816.87274927
6817.36703928
6817.86132271
6818.35559956
6818.84986982
6819.34413345
6819.83839046
6820.33264082
6820.82688451
6821.32112153
6821.81535185
6822.30957546
6822.80379234
6823.29800247
6823.79220585
6824.28640244
6824.78059225
6825.27477525
6825.76895142
6826.26312075
6826.75728323
6827.25143883
6827.74558754
6828.23972935
6828.73386423
6829.22799218
6829.72211317
6830.21622719
6830.71033423
6831.20443426
6831.69852728
6832.19261325
6832.68669218
6833.18076404
6833.67482882
6834.16888649
6834.66293705
6835.15698047
6835.65101675
6836.14504586
6836.63906779
6837.13308252
6837.62709004
6838.12109033
6838.61508337
6839.10906915
6839.60304764
6840.09701885
6840.59098273
6841.08493930
6841.57888851
6842.07283037
6842.56676484
6843.06069193
6843.55461160
6844.04852385
6844.54242865
6845.03632600
6845.53021586
6846.02409824
6846.51797311
6847.01184045
6847.50570025
6847.99955249
6848.49339716
6848.98723424
6849.48106371
6849.97488555
6850.46869976
6850.96250631
6851.45630518
6851.95009637
6852.44387985
6852.93765561
6853.43142362
6853.92518389
6854.41893638
6854.91268108
6855.40641797
6855.90014705
6856.39386828
6856.88758166
6857.38128717
6857.87498479
6858.36867451
6858.86235631
6859.35603016
6859.84969607
6860.34335400
6860.83700394
6861.33064588
6861.82427980
6862.31790569
6862.81152351
6863.30513327
6863.79873494
6864.29232851
6864.78591395
6865.27949126
6865.77306042
6866.26662140
6866.76017420
6867.25371879
6867.74725516
6868.24078330
6868.73430318
6869.22781479
6869.72131811
6870.21481313
6870.70829983
6871.20177819
6871.69524819
6872.18870983
6872.68216307
6873.17560791
6873.66904433
6874.16247232
6874.65589184
6875.14930290
6875.64270546
6876.13609952
6876.62948506
6877.12286206
6877.61623051
6878.10959038
6878.60294166
6879.09628434
6879.58961839
6880.08294380
6880.57626056
6881.06956864
6881.56286803
6882.05615871
6882.54944067
6883.04271389
6883.53597835
6884.02923403
6884.52248092
6885.01571901
6885.50894826
6886.00216868
6886.49538024
6886.98858291
6887.48177670
6887.97496157
6888.46813752
6888.96130452
6889.45446256
6889.94761163
6890.44075169
6890.93388275
6891.42700477
6891.92011775
6892.41322167
6892.90631650
6893.39940224
6893.89247886
6894.38554636
6894.87860470
6895.37165388
6895.86469387
6896.35772467
6896.85074624
6897.34375859
6897.83676168
6898.32975551
6898.82274005
6899.31571528
6899.80868120
6900.30163778
6900.79458501
6901.28752287
6901.78045134
6902.27337040
6902.76628005
6903.25918025
6903.75207099
6904.24495227
6904.73782405
6905.23068632
6905.72353907
6906.21638228
6906.70921593
6907.20204000
6907.69485447
6908.18765934
6908.68045457
6909.17324016
6909.66601609
6910.15878234
6910.65153889
6911.14428573
6911.63702283
6912.12975018
6912.62246777
6913.11517558
6913.60787358
6914.10056176
6914.59324011
6915.08590861
6915.57856724
6916.07121597
6916.56385481
6917.05648372
6917.54910269
6918.04171171
6918.53431075
6919.02689979
6919.51947883
6920.01204785
6920.50460682
6920.99715573
6921.48969456
6921.98222329
6922.47474191
6922.96725040
6923.45974874
6923.95223692
6924.44471491
6924.93718271
6925.42964028
6925.92208762
6926.41452471
6926.90695152
6927.39936805
6927.89177428
6928.38417018
6928.87655574
6929.36893094
6929.86129577
6930.35365021
6930.84599423
6931.33832783
6931.83065098
6932.32296367
6932.81526588
6933.30755759
6933.79983879
6934.29210945
6934.78436956
6935.27661911
6935.76885806
6936.26108642
6936.75330415
6937.24551125
6937.73770769
6938.22989346
6938.72206853
6939.21423290
6939.70638654
6940.19852943
6940.69066157
6941.18278292
6941.67489348
6942.16699322
6942.65908213
6943.15116019
6943.64322738
6944.13528369
6944.62732909
6945.11936357
6945.61138712
6946.10339971
6946.59540132
6947.08739194
6947.57937156
6948.07134014
6948.56329768
6949.05524416
6949.54717956
6950.03910385
6950.53101704
6951.02291909
6951.51480999
6952.00668971
6952.49855826
6952.99041559
6953.48226171
6953.97409658
6954.46592019
6954.95773253
6955.44953358
6955.94132331
6956.43310171
6956.92486877
6957.41662446
6957.90836876
6958.40010167
6958.89182316
6959.38353321
6959.87523180
6960.36691892
6960.85859455
6961.35025868
6961.84191127
6962.33355232
6962.82518181
6963.31679972
6963.80840603
6964.30000073
6964.79158379
6965.28315520
6965.77471494
6966.26626299
6966.75779933
6967.24932395
6967.74083683
6968.23233795
6968.72382729
6969.21530484
6969.70677057
6970.19822447
6970.68966652
6971.18109670
6971.67251499
6972.16392138
6972.65531585
6973.14669838
6973.63806895
6974.12942754
6974.62077414
6975.11210872
6975.60343128
6976.09474178
6976.58604022
6977.07732657
6977.56860083
6978.05986295
6978.55111294
6979.04235078
6979.53357643
6980.02478989
6980.51599115
6981.00718017
6981.49835694
6981.98952144
6982.48067366
6982.97181358
6983.46294118
6983.95405643
6984.44515933
6984.93624985
6985.42732798
6985.91839370
6986.40944699
6986.90048782
6987.39151619
6987.88253208
6988.37353546
6988.86452632
6989.35550464
6989.84647040
6990.33742359
6990.82836418
6991.31929215
6991.81020750
6992.30111019
6992.79200022
6993.28287756
6993.77374219
6994.26459411
6994.75543328
6995.24625969
6995.73707332
6996.22787416
6996.71866218
6997.20943736
6997.70019970
6998.19094916
6998.68168574
6999.17240941
6999.66312016
7000.15381796
7000.64450279
7001.13517465
7001.62583351
7002.11647935
7002.60711216
7003.09773191
7003.58833858
7004.07893217
7004.56951265
7005.06007999
7005.55063420
7006.04117523
7006.53170308
7007.02221773
7007.51271916
7008.00320735
7008.49368228
7008.98414394
7009.47459230
7009.96502734
7010.45544906
7010.94585742
7011.43625242
7011.92663402
7012.41700222
7012.90735700
7013.39769833
7013.88802620
7014.37834059
7014.86864148
7015.35892885
7015.84920268
7016.33946296
7016.82970967
7017.31994278
7017.81016229
7018.30036816
7018.79056038
7019.28073894
7019.77090381
7020.26105498
7020.75119242
7021.24131612
7021.73142606
7022.22152223
7022.71160459
7023.20167314
7023.69172785
7024.18176870
7024.67179569
7025.16180878
7025.65180796
7026.14179322
7026.63176452
7027.12172186
7027.61166521
7028.10159456
7028.59150989
7029.08141117
7029.57129840
7030.06117154
7030.55103059
7031.04087551
7031.53070631
7032.02052294
7032.51032541
7033.00011368
7033.48988774
7033.97964757
7034.46939315
7034.95912446
7035.44884149
7035.93854421
7036.42823261
7036.91790666
7037.40756635
7037.89721166
7038.38684257
7038.87645905
7039.36606111
7039.85564870
7040.34522182
7040.83478044
7041.32432455
7041.81385413
7042.30336915
7042.79286961
7043.28235547
7043.77182673
7044.26128336
7044.75072534
7045.24015265
7045.72956528
7046.21896321
7046.70834641
7047.19771487
7047.68706858
7048.17640750
7048.66573162
7049.15504092
7049.64433539
7050.13361500
7050.62287974
7051.11212958
7051.60136451
7052.09058450
7052.57978954
7053.06897962
7053.55815470
7054.04731477
7054.53645982
7055.02558982
7055.51470475
7056.00380460
7056.49288934
7056.98195895
7057.47101343
7057.96005274
7058.44907687
7058.93808580
7059.42707951
7059.91605798
7060.40502120
7060.89396913
7061.38290177
7061.87181910
7062.36072108
7062.84960772
7063.33847898
7063.82733485
7064.31617530
7064.80500032
7065.29380990
7065.78260400
7066.27138261
7066.76014572
7067.24889330
7067.73762533
7068.22634179
7068.71504267
7069.20372794
7069.69239759
7070.18105160
7070.66968994
7071.15831260
7071.64691956
7072.13551080
7072.62408629
7073.11264603
7073.60118999
7074.08971814
7074.57823049
7075.06672699
7075.55520763
7076.04367240
7076.53212128
7077.02055424
7077.50897126
7077.99737233
7078.48575743
7078.97412654
7079.46247963
7079.95081669
7080.43913770
7080.92744263
7081.41573148
7081.90400422
7082.39226083
7082.88050129
7083.36872558
7083.85693369
7084.34512558
7084.83330125
7085.32146068
7085.80960384
7086.29773071
7086.78584128
7087.27393552
7087.76201342
7088.25007495
7088.73812011
7089.22614886
7089.71416118
7090.20215707
7090.69013649
7091.17809943
7091.66604587
7092.15397579
7092.64188917
7093.12978599
7093.61766624
7094.10552988
7094.59337690
7095.08120729
7095.56902101
7096.05681806
7096.54459841
7097.03236205
7097.52010895
7098.00783909
7098.49555245
7098.98324902
7099.47092878
7099.95859170
7100.44623776
7100.93386695
7101.42147924
7101.90907462
7102.39665306
7102.88421456
7103.37175907
7103.85928660
7104.34679711
7104.83429059
7105.32176701
7105.80922637
7106.29666863
7106.78409377
7107.27150179
7107.75889265
7108.24626635
7108.73362285
7109.22096214
7109.70828419
7110.19558900
7110.68287654
7111.17014678
7111.65739972
7112.14463532
7112.63185357
7113.11905446
7113.60623795
7114.09340403
7114.58055268
7115.06768388
7115.55479762
7116.04189386
7116.52897259
7117.01603379
7117.50307744
7117.99010352
7118.47711202
7118.96410290
7119.45107615
7119.93803176
7120.42496969
7120.91188993
7121.39879247
7121.88567727
7122.37254432
7122.85939361
7123.34622510
7123.83303879
7124.31983464
7124.80661265
7125.29337278
7125.78011503
7126.26683936
7126.75354577
7127.24023422
7127.72690470
7128.21355720
7128.70019168
7129.18680813
7129.67340653
7130.15998686
7130.64654910
7131.13309322
7131.61961922
7132.10612706
7132.59261673
7133.07908821
7133.56554148
7134.05197652
7134.53839330
7135.02479181
7135.51117203
7135.99753394
7136.48387751
7136.97020272
7137.45650957
7137.94279802
7138.42906806
7138.91531966
7139.40155280
7139.88776748
7140.37396365
7140.86014132
7141.34630044
7141.83244101
7142.31856301
7142.80466640
7143.29075118
7143.77681733
7144.26286481
7144.74889362
7145.23490373
7145.72089512
7146.20686778
7146.69282167
7147.17875678
7147.66467310
7148.15057059
7148.63644925
7149.12230904
7149.60814995
7150.09397196
7150.57977505
7151.06555919
7151.55132437
7152.03707057
7152.52279777
7153.00850594
7153.49419506
7153.97986512
7154.46551610
7154.95114797
7155.43676071
7155.92235431
7156.40792874
7156.89348398
7157.37902001
7157.86453682
7158.35003437
7158.83551266
7159.32097165
7159.80641133
7160.29183169
7160.77723269
7161.26261431
7161.74797655
7162.23331937
7162.71864276
7163.20394669
7163.68923115
7164.17449611
7164.65974156
7165.14496746
7165.63017382
7166.11536059
7166.60052776
7167.08567532
7167.57080323
7168.05591149
7168.54100006
7169.02606893
7169.51111808
7169.99614748
7170.48115712
7170.96614698
7171.45111703
7171.93606726
7172.42099764
7172.90590815
7173.39079877
7173.87566949
7174.36052028
7174.84535111
7175.33016198
7175.81495285
7176.29972371
7176.78447454
7177.26920532
7177.75391602
7178.23860662
7178.72327711
7179.20792746
7179.69255766
7180.17716767
7180.66175749
7181.14632709
7181.63087644
7182.11540554
7182.59991435
7183.08440286
7183.56887105
7184.05331889
7184.53774636
7185.02215345
7185.50654013
7185.99090638
7186.47525218
7186.95957752
7187.44388236
7187.92816669
7188.41243049
7188.89667373
7189.38089640
7189.86509847
7190.34927993
7190.83344075
7191.31758091
7191.80170040
7192.28579918
7192.76987724
7193.25393456
7193.73797112
7194.22198689
7194.70598186
7195.18995600
7195.67390930
7196.15784172
7196.64175326
7197.12564389
7197.60951359
7198.09336233
7198.57719010
7199.06099688
7199.54478264
7200.02854737
7200.51229104
7200.99601363
7201.47971512
7201.96339549
7202.44705472
7202.93069279
7203.41430968
7203.89790535
7204.38147981
7204.86503301
7205.34856495
7205.83207560
7206.31556494
7206.79903295
7207.28247960
7207.76590488
7208.24930877
7208.73269123
7209.21605227
7209.69939184
7210.18270993
7210.66600653
7211.14928160
7211.63253512
7212.11576709
7212.59897747
7213.08216624
7213.56533338
7214.04847887
7214.53160269
7215.01470482
7215.49778524
7215.98084392
7216.46388085
7216.94689600
7217.42988935
7217.91286088
7218.39581058
7218.87873841
7219.36164435
7219.84452839
7220.32739051
7220.81023068
7221.29304887
7221.77584508
7222.25861928
7222.74137145
7223.22410156
7223.70680959
7224.18949553
7224.67215935
7225.15480103
7225.63742055
7226.12001789
7226.60259302
7227.08514593
7227.56767659
7228.05018499
7228.53267109
7229.01513489
7229.49757635
7229.97999545
7230.46239219
7230.94476652
7231.42711844
7231.90944792
7232.39175493
7232.87403947
7233.35630150
7233.83854100
7234.32075796
7234.80295234
7235.28512414
7235.76727333
7236.24939988
7236.73150378
7237.21358500
7237.69564353
7238.17767933
7238.65969240
7239.14168270
7239.62365022
7240.10559493
7240.58751681
7241.06941585
7241.55129201
7242.03314529
7242.51497565
7242.99678307
7243.47856754
7243.96032903
7244.44206751
7244.92378298
7245.40547540
7245.88714476
7246.36879103
7246.85041420
7247.33201423
7247.81359111
7248.29514482
7248.77667533
7249.25818262
